Sistema de Informações Hidrológicas
Versão Web 3.0
© 2018 Agência Nacional de Águas (ANA)

NivelConsistencia: 1 = Bruto, 2 = Consistido
TipoMedicaoChuvas: 1 = Pluviômetro, 2 = Pluviógrafo, 3 = Data logger
Status: 0 = Branco, 1 = Real, 2 = Estimado, 3 = Duvidoso, 4 = Acumulado

Restrições da consulta:
Código da Estação:01340039


EstacaoCodigo;NivelConsistencia;Data;TipoMedicaoChuvas;Maxima;Total;DiaMaxima;NumDiasDeChuva;MaximaStatus;TotalStatus;NumDiasDeChuvaStatus;TotalAnual;TotalAnualStatus;Chuva01;Chuva02;Chuva03;Chuva04;Chuva05;Chuva06;Chuva07;Chuva08;Chuva09;Chuva10;Chuva11;Chuva12;Chuva13;Chuva14;Chuva15;Chuva16;Chuva17;Chuva18;Chuva19;Chuva20;Chuva21;Chuva22;Chuva23;Chuva24;Chuva25;Chuva26;Chuva27;Chuva28;Chuva29;Chuva30;Chuva31;Chuva01Status;Chuva02Status;Chuva03Status;Chuva04Status;Chuva05Status;Chuva06Status;Chuva07Status;Chuva08Status;Chuva09Status;Chuva10Status;Chuva11Status;Chuva12Status;Chuva13Status;Chuva14Status;Chuva15Status;Chuva16Status;Chuva17Status;Chuva18Status;Chuva19Status;Chuva20Status;Chuva21Status;Chuva22Status;Chuva23Status;Chuva24Status;Chuva25Status;Chuva26Status;Chuva27Status;Chuva28Status;Chuva29Status;Chuva30Status;Chuva31Status
1340039;1;01/01/2023;1;17,3;27,6;23;3;1;1;1;;0;0,0;0,0;0,0;5,0;0,0;0,0;0,0;0,0;5,3;0,0;0,0;0,0;0,0;0,0;0,0;0,0;0,0;0,0;0,0;0,0;0,0;0,0;17,3;0,0;0,0;0,0;0,0;0,0;0,0;0,0;0,0;1;1;1;1;1;1;1;1;1;1;1;1;1;1;1;1;1;1;1;1;1;1;1;1;1;1;1;1;1;1;1;
1340039;1;01/12/2022;1;140,2;338,2;24;18;1;1;1;;0;0,0;16,0;0,0;9,0;0,0;2,6;0,0;0,0;5,0;40,2;0,0;0,0;0,0;4,1;11,7;10,2;11,1;4,6;3,7;0,0;0,0;12,7;24,5;140,2;31,2;0,0;1,6;5,2;0,0;0,0;4,6;1;1;1;1;1;1;1;1;1;1;1;1;1;1;1;1;1;1;1;1;1;1;1;1;1;1;1;1;1;1;1;
1340039;1;01/11/2022;1;51,9;242,1;21;12;1;1;1;;0;0,0;0,0;26,3;7,0;6,3;0,0;0,0;0,0;0,0;0,0;0,0;0,0;0,0;0,0;0,0;0,0;0,0;1,1;0,0;20,5;51,9;0,0;0,0;0,0;14,5;4,3;30,1;32,3;40,8;7,0;0,0;1;1;1;1;1;1;1;1;1;1;1;1;1;1;1;1;1;1;1;1;1;1;1;1;1;1;1;1;1;1;1;
1340039;1;01/10/2022;1;0,0;0,0;1;0;1;1;1;;0;0,0;0,0;0,0;0,0;0,0;0,0;0,0;0,0;0,0;0,0;0,0;0,0;0,0;0,0;0,0;0,0;0,0;0,0;0,0;0,0;0,0;0,0;0,0;0,0;0,0;0,0;0,0;0,0;0,0;0,0;0,0;1;1;1;1;1;1;1;1;1;1;1;1;1;1;1;1;1;1;1;1;1;1;1;1;1;1;1;1;1;1;1;
1340039;1;01/09/2022;1;12,9;21,2;24;2;1;1;1;;0;0,0;0,0;0,0;0,0;0,0;0,0;0,0;0,0;0,0;0,0;0,0;0,0;0,0;0,0;0,0;0,0;0,0;0,0;0,0;0,0;0,0;0,0;0,0;12,9;8,3;0,0;0,0;0,0;0,0;0,0;0,0;1;1;1;1;1;1;1;1;1;1;1;1;1;1;1;1;1;1;1;1;1;1;1;1;1;1;1;1;1;1;1;
1340039;1;01/08/2022;1;1,9;1,9;31;1;1;1;1;;0;0,0;0,0;0,0;0,0;0,0;0,0;0,0;0,0;0,0;0,0;0,0;0,0;0,0;0,0;0,0;0,0;0,0;0,0;0,0;0,0;0,0;0,0;0,0;0,0;0,0;0,0;0,0;0,0;0,0;0,0;1,9;1;1;1;1;1;1;1;1;1;1;1;1;1;1;1;1;1;1;1;1;1;1;1;1;1;1;1;1;1;1;1;
1340039;1;01/07/2022;1;5,7;17,0;7;5;1;1;1;;0;0,0;0,0;0,0;0,0;0,0;0,0;5,7;0,0;0,0;1,3;0,0;0,0;0,0;0,0;0,0;0,0;0,0;0,0;0,0;0,0;3,9;2,3;3,8;0,0;0,0;0,0;0,0;0,0;0,0;0,0;0,0;1;1;1;1;1;1;1;1;1;1;1;1;1;1;1;1;1;1;1;1;1;1;1;1;1;1;1;1;1;1;1;
1340039;1;01/06/2022;1;0,0;0,0;1;0;1;1;1;;0;0,0;0,0;0,0;0,0;0,0;0,0;0,0;0,0;0,0;0,0;0,0;0,0;0,0;0,0;0,0;0,0;0,0;0,0;0,0;0,0;0,0;0,0;0,0;0,0;0,0;0,0;0,0;0,0;0,0;0,0;0,0;1;1;1;1;1;1;1;1;1;1;1;1;1;1;1;1;1;1;1;1;1;1;1;1;1;1;1;1;1;1;1;
1340039;1;01/05/2022;1;29,2;29,7;18;2;1;1;1;;0;0,0;0,0;0,0;0,0;0,0;0,0;0,0;0,0;0,0;0,0;0,0;0,0;0,0;0,0;0,0;0,0;0,0;29,2;0,0;0,0;0,0;0,0;0,0;0,5;0,0;0,0;0,0;0,0;0,0;0,0;0,0;1;1;1;1;1;1;1;1;1;1;1;1;1;1;1;1;1;1;1;1;1;1;1;1;1;1;1;1;1;1;1;
1340039;1;01/04/2022;1;56,2;65,4;16;4;1;1;1;;0;0,0;0,0;0,0;0,0;0,0;0,0;0,0;0,0;0,0;0,0;0,0;0,0;0,0;0,0;0,0;56,2;6,0;0,0;2,7;0,0;0,0;0,0;0,0;0,0;0,5;0,0;0,0;0,0;0,0;0,0;0,0;1;1;1;1;1;1;1;1;1;1;1;1;1;1;1;1;1;1;1;1;1;1;1;1;1;1;1;1;1;1;1;
1340039;1;01/03/2022;1;13,7;21,0;5;3;1;1;1;;0;0,0;0,0;0,0;0,0;13,7;0,0;3,7;0,0;0,0;0,0;0,0;0,0;0,0;0,0;0,0;0,0;3,6;0,0;0,0;0,0;0,0;0,0;0,0;0,0;0,0;0,0;0,0;0,0;0,0;0,0;0,0;1;1;1;1;1;1;1;1;1;1;1;1;1;1;1;1;1;1;1;1;1;1;1;1;1;1;1;1;1;1;1;
1340039;1;01/02/2022;1;2,7;5,2;18;2;1;1;1;;0;0,0;0,0;0,0;0,0;0,0;0,0;0,0;0,0;0,0;0,0;0,0;0,0;0,0;0,0;0,0;0,0;0,0;2,7;0,0;0,0;0,0;0,0;0,0;0,0;0,0;0,0;2,5;0,0;0,0;0,0;0,0;1;1;1;1;1;1;1;1;1;1;1;1;1;1;1;1;1;1;1;1;1;1;1;1;1;1;1;1;1;1;1;
1340039;1;01/01/2022;1;21,0;28,1;26;3;1;1;1;;0;0,0;0,0;0,0;0,0;0,0;0,0;0,0;0,0;0,0;0,0;0,0;0,0;0,0;0,0;0,0;0,0;0,0;0,0;0,0;0,0;0,0;0,0;0,0;1,5;0,0;21,0;5,6;0,0;0,0;0,0;0,0;1;1;1;1;1;1;1;1;1;1;1;1;1;1;1;1;1;1;1;1;1;1;1;1;1;1;1;1;1;1;1;
1340039;1;01/12/2021;1;59,4;234,0;26;14;1;1;1;;0;0,0;1,9;0,0;57,9;15,9;0,0;0,0;3,6;21,7;0,0;13,0;0,0;0,0;0,0;0,0;2,5;0,0;0,0;0,0;0,0;13,3;1,5;19,0;6,2;9,6;59,4;8,5;0,0;0,0;0,0;0,0;1;1;1;1;1;1;1;1;1;1;1;1;1;1;1;1;1;1;1;1;1;1;1;1;1;1;1;1;1;1;1;
1340039;1;01/11/2021;1;103,2;298,9;5;12;1;1;1;;0;0,0;0,0;15,2;0,0;103,2;21,3;0,0;35,9;17,5;0,0;0,0;0,0;0,0;5,5;7,5;4,4;0,0;0,0;0,0;0,0;0,0;0,0;16,9;17,4;0,0;0,0;0,0;7,7;46,4;0,0;0,0;1;1;1;1;1;1;1;1;1;1;1;1;1;1;1;1;1;1;1;1;1;1;1;1;1;1;1;1;1;1;1;
1340039;1;01/10/2021;1;75,2;161,3;13;6;1;1;1;;0;0,0;0,0;0,0;0,0;0,0;0,0;0,0;0,0;0,0;0,0;0,0;0,0;75,2;19,8;0,0;0,0;0,0;0,0;0,0;0,0;0,0;42,3;7,2;6,8;0,0;0,0;0,0;0,0;10,0;0,0;0,0;1;1;1;1;1;1;1;1;1;1;1;1;1;1;1;1;1;1;1;1;1;1;1;1;1;1;1;1;1;1;1;
1340039;1;01/09/2021;1;1,0;1,0;27;1;1;1;1;;0;0,0;0,0;0,0;0,0;0,0;0,0;0,0;0,0;0,0;0,0;0,0;0,0;0,0;0,0;0,0;0,0;0,0;0,0;0,0;0,0;0,0;0,0;0,0;0,0;0,0;0,0;1,0;0,0;0,0;0,0;;1;1;1;1;1;1;1;1;1;1;1;1;1;1;1;1;1;1;1;1;1;1;1;1;1;1;1;1;1;1;0;
1340039;1;01/08/2021;1;3,6;6,5;7;3;1;1;1;;0;0,0;0,0;0,0;0,0;0,0;0,0;3,6;0,0;0,7;0,0;0,0;0,0;0,0;0,0;0,0;0,0;0,0;0,0;0,0;2,2;0,0;0,0;0,0;0,0;0,0;0,0;0,0;0,0;0,0;0,0;0,0;1;1;1;1;1;1;1;1;1;1;1;1;1;1;1;1;1;1;1;1;1;1;1;1;1;1;1;1;1;1;1;
1340039;1;01/07/2021;1;1,7;1,7;13;1;1;1;1;;0;0,0;0,0;0,0;0,0;0,0;0,0;0,0;0,0;0,0;0,0;0,0;0,0;1,7;0,0;0,0;0,0;0,0;0,0;0,0;0,0;0,0;0,0;0,0;0,0;0,0;0,0;0,0;0,0;0,0;0,0;0,0;1;1;1;1;1;1;1;1;1;1;1;1;1;1;1;1;1;1;1;1;1;1;1;1;1;1;1;1;1;1;1;
1340039;1;01/06/2021;1;3,7;3,7;5;1;1;1;1;;0;0,0;0,0;0,0;0,0;3,7;0,0;0,0;0,0;0,0;0,0;0,0;0,0;0,0;0,0;0,0;0,0;0,0;0,0;0,0;0,0;0,0;0,0;0,0;0,0;0,0;0,0;0,0;0,0;0,0;0,0;;1;1;1;1;1;1;1;1;1;1;1;1;1;1;1;1;1;1;1;1;1;1;1;1;1;1;1;1;1;1;0;
1340039;1;01/05/2021;1;0,0;0,0;1;0;1;1;1;;0;0,0;0,0;0,0;0,0;0,0;0,0;0,0;0,0;0,0;0,0;0,0;0,0;0,0;0,0;0,0;0,0;0,0;0,0;0,0;0,0;0,0;0,0;0,0;0,0;0,0;0,0;0,0;0,0;0,0;0,0;0,0;1;1;1;1;1;1;1;1;1;1;1;1;1;1;1;1;1;1;1;1;1;1;1;1;1;1;1;1;1;1;1;
1340039;1;01/04/2021;1;64,7;94,7;1;3;1;1;1;;0;64,7;0,0;0,0;0,0;0,0;0,0;0,0;0,0;0,0;0,0;0,0;0,0;0,0;0,0;0,0;0,0;0,0;0,0;0,0;0,0;6,7;23,3;0,0;0,0;0,0;0,0;0,0;0,0;0,0;0,0;;1;1;1;1;1;1;1;1;1;1;1;1;1;1;1;1;1;1;1;1;1;1;1;1;1;1;1;1;1;1;0;
1340039;1;01/03/2021;1;5,5;8,5;1;3;1;1;1;;0;5,5;0,0;0,0;0,0;0,0;0,0;0,0;0,0;0,0;0,0;0,0;0,0;0,0;0,0;0,0;0,0;0,0;0,0;1,0;2,0;0,0;0,0;0,0;0,0;0,0;0,0;0,0;0,0;0,0;0,0;0,0;1;1;1;1;1;1;1;1;1;1;1;1;1;1;1;1;1;1;1;1;1;1;1;1;1;1;1;1;1;1;1;
1340039;1;01/02/2021;1;29,8;117,3;8;8;1;1;1;;0;0,0;0,0;0,0;0,0;4,4;0,0;14,8;29,8;18,2;5,0;0,0;0,0;0,0;0,0;0,0;0,0;0,0;21,9;18,8;0,0;0,0;0,0;0,0;0,0;0,0;0,0;0,0;4,4;;;;1;1;1;1;1;1;1;1;1;1;1;1;1;1;1;1;1;1;1;1;1;1;1;1;1;1;1;1;0;0;0;
1340039;1;01/01/2021;1;45,0;47,3;16;2;1;1;1;;0;0,0;0,0;0,0;0,0;0,0;0,0;0,0;0,0;0,0;0,0;0,0;0,0;2,3;0,0;0,0;45,0;0,0;0,0;0,0;0,0;0,0;0,0;0,0;0,0;0,0;0,0;0,0;0,0;0,0;0,0;0,0;1;1;1;1;1;1;1;1;1;1;1;1;1;1;1;1;1;1;1;1;1;1;1;1;1;1;1;1;1;1;1;
1340039;1;01/12/2020;1;0,0;0,0;1;0;1;1;1;;0;0,0;0,0;0,0;0,0;0,0;0,0;0,0;0,0;0,0;0,0;0,0;0,0;0,0;0,0;0,0;0,0;0,0;0,0;0,0;0,0;0,0;0,0;0,0;0,0;0,0;0,0;0,0;0,0;0,0;0,0;0,0;1;1;1;1;1;1;1;1;1;1;1;1;1;1;1;1;1;1;1;1;1;1;1;1;1;1;1;1;1;1;1;
1340039;1;01/11/2020;1;63,5;134,3;3;11;1;1;1;;0;4,3;27,4;63,5;1,3;5,1;12,0;0,5;0,0;0,0;0,0;0,0;0,0;0,0;0,0;0,0;0,0;0,0;0,9;0,0;0,0;2,3;14,5;0,0;2,5;0,0;0,0;0,0;0,0;0,0;0,0;;1;1;1;1;1;1;1;1;1;1;1;1;1;1;1;1;1;1;1;1;1;1;1;1;1;1;1;1;1;1;0;
1340039;1;01/10/2020;1;28,9;65,5;27;6;1;1;1;;0;0,0;0,0;0,0;0,0;0,0;0,0;0,0;0,0;0,0;0,0;0,0;2,9;1,0;0,0;0,0;0,0;0,0;0,0;0,0;0,0;0,0;0,0;0,0;0,0;0,0;19,8;28,9;12,4;0,5;0,0;0,0;1;1;1;1;1;1;1;1;1;1;1;1;1;1;1;1;1;1;1;1;1;1;1;1;1;1;1;1;1;1;1;
1340039;1;01/09/2020;1;2,0;3,0;3;2;1;1;1;;0;0,0;0,0;2,0;0,0;0,0;0,0;0,0;0,0;0,0;0,0;0,0;0,0;0,0;0,0;0,0;1,0;0,0;0,0;0,0;0,0;0,0;0,0;0,0;0,0;0,0;0,0;0,0;0,0;0,0;0,0;0,0;1;1;1;1;1;1;1;1;1;1;1;1;1;1;1;1;1;1;1;1;1;1;1;1;1;1;1;1;1;1;1;
1340039;1;01/08/2020;1;4,0;8,1;9;4;1;1;1;;0;0,0;0,0;0,0;0,0;0,0;2,4;1,2;0,0;4,0;0,0;0,0;0,0;0,0;0,0;0,0;0,0;0,0;0,0;0,0;0,0;0,0;0,0;0,0;0,0;0,0;0,0;0,0;0,0;0,0;0,5;0,0;1;1;1;1;1;1;1;1;1;1;1;1;1;1;1;1;1;1;1;1;1;1;1;1;1;1;1;1;1;1;1;
1340039;1;01/07/2020;1;7,9;19,7;18;5;1;1;1;;0;0,0;0,0;0,0;0,0;0,0;0,0;0,0;0,0;0,0;0,0;0,0;0,0;5,1;0,0;0,0;0,0;0,0;7,9;0,0;0,0;0,0;0,0;0,0;0,0;2,7;0,0;1,1;2,9;0,0;0,0;0,0;1;1;1;1;1;1;1;1;1;1;1;1;1;1;1;1;1;1;1;1;1;1;1;1;1;1;1;1;1;1;1;
1340039;1;01/06/2020;1;16,4;32,8;4;5;1;1;1;;0;0,0;0,0;0,0;16,4;0,0;0,0;0,0;0,0;0,0;0,0;0,0;0,0;0,0;0,0;0,0;4,7;1,2;5,5;0,0;0,0;5,0;0,0;0,0;0,0;0,0;0,0;0,0;0,0;0,0;0,0;0,0;1;1;1;1;1;1;1;1;1;1;1;1;1;1;1;1;1;1;1;1;1;1;1;1;1;1;1;1;1;1;1;
1340039;1;01/05/2020;1;5,9;8,3;12;2;1;1;1;;0;0,0;0,0;0,0;0,0;0,0;0,0;0,0;0,0;0,0;0,0;0,0;5,9;0,0;0,0;0,0;0,0;0,0;2,4;0,0;0,0;0,0;0,0;0,0;0,0;0,0;0,0;0,0;0,0;0,0;0,0;0,0;1;1;1;1;1;1;1;1;1;1;1;1;1;1;1;1;1;1;1;1;1;1;1;1;1;1;1;1;1;1;1;
1340039;1;01/04/2020;1;26,4;86,1;12;10;1;1;1;;0;0,0;0,0;0,0;0,0;0,0;0,0;0,0;0,0;0,0;9,0;20,1;26,4;2,3;2,9;7,5;2,1;0,0;7,8;2,1;0,0;0,0;0,0;0,0;0,0;0,0;0,0;5,9;0,0;0,0;0,0;0,0;1;1;1;1;1;1;1;1;1;1;1;1;1;1;1;1;1;1;1;1;1;1;1;1;1;1;1;1;1;1;1;
1340039;1;01/03/2020;1;38,7;150,8;8;11;1;1;1;;0;0,0;0,0;0,0;0,0;0,0;5,0;33,1;38,7;5,0;2,9;0,0;18,3;0,0;0,0;0,0;0,0;0,0;0,0;0,0;0,0;1,2;0,0;16,2;28,2;0,7;0,0;0,0;0,0;0,0;0,0;1,5;1;1;1;1;1;1;1;1;1;1;1;1;1;1;1;1;1;1;1;1;1;1;1;1;1;1;1;1;1;1;1;
1340039;1;01/02/2020;1;9,8;27,6;25;4;1;1;1;;0;0,0;0,0;0,0;0,0;0,0;0,0;0,0;0,0;0,0;0,0;0,0;0,0;0,0;0,0;0,0;0,0;0,0;0,0;9,3;1,1;0,0;0,0;0,0;7,4;9,8;0,0;0,0;0,0;0,0;;;1;1;1;1;1;1;1;1;1;1;1;1;1;1;1;1;1;1;1;1;1;1;1;1;1;1;1;1;1;0;0;
1340039;1;01/01/2020;1;75,8;137,3;5;10;1;1;1;;0;0,0;0,0;11,7;1,0;75,8;0,0;9,7;0,0;0,0;0,0;0,0;0,0;0,0;0,0;0,0;0,0;0,0;0,0;0,0;0,0;0,0;9,2;7,5;14,7;3,1;3,7;0,9;0,0;0,0;0,0;0,0;1;1;1;1;1;1;1;1;1;1;1;1;1;1;1;1;1;1;1;1;1;1;1;1;1;1;1;1;1;1;1;
1340039;1;01/12/2019;1;14,2;17,9;15;3;1;1;1;;0;0,0;0,0;0,0;2,7;0,0;0,0;0,0;0,0;0,0;0,0;0,0;0,0;0,0;0,0;14,2;1,0;0,0;0,0;0,0;0,0;0,0;0,0;0,0;0,0;0,0;0,0;0,0;0,0;0,0;0,0;0,0;1;1;1;1;1;1;1;1;1;1;1;1;1;1;1;1;1;1;1;1;1;1;1;1;1;1;1;1;1;1;1;
1340039;1;01/11/2019;1;11,4;13,1;25;2;1;1;1;;0;0,0;0,0;0,0;0,0;0,0;0,0;0,0;0,0;0,0;0,0;0,0;0,0;0,0;0,0;0,0;0,0;0,0;1,7;0,0;0,0;0,0;0,0;0,0;0,0;11,4;0,0;0,0;0,0;0,0;0,0;0,0;1;1;1;1;1;1;1;1;1;1;1;1;1;1;1;1;1;1;1;1;1;1;1;1;1;1;1;1;1;1;1;
1340039;1;01/10/2019;1;2,5;2,5;22;1;1;1;1;;0;0,0;0,0;0,0;0,0;0,0;0,0;0,0;0,0;0,0;0,0;0,0;0,0;0,0;0,0;0,0;0,0;0,0;0,0;0,0;0,0;0,0;2,5;0,0;0,0;0,0;0,0;0,0;0,0;0,0;0,0;0,0;1;1;1;1;1;1;1;1;1;1;1;1;1;1;1;1;1;1;1;1;1;1;1;1;1;1;1;1;1;1;1;
1340039;1;01/09/2019;1;0,0;0,0;1;0;1;1;1;;0;0,0;0,0;0,0;0,0;0,0;0,0;0,0;0,0;0,0;0,0;0,0;0,0;0,0;0,0;0,0;0,0;0,0;0,0;0,0;0,0;0,0;0,0;0,0;0,0;0,0;0,0;0,0;0,0;0,0;0,0;0,0;1;1;1;1;1;1;1;1;1;1;1;1;1;1;1;1;1;1;1;1;1;1;1;1;1;1;1;1;1;1;1;
1340039;1;01/08/2019;1;3,7;5,0;13;3;1;1;1;;0;0,0;0,0;0,0;0,0;1,0;0,0;0,0;0,0;0,0;0,0;0,0;0,0;3,7;0,0;0,0;0,0;0,3;0,0;0,0;0,0;0,0;0,0;0,0;0,0;0,0;0,0;0,0;0,0;0,0;0,0;0,0;1;1;1;1;1;1;1;1;1;1;1;1;1;1;1;1;1;1;1;1;1;1;1;1;1;1;1;1;1;1;1;
1340039;1;01/07/2019;1;4,9;8,1;30;2;1;1;1;;0;0,0;0,0;0,0;0,0;0,0;0,0;0,0;0,0;0,0;0,0;0,0;0,0;0,0;0,0;0,0;0,0;0,0;0,0;0,0;0,0;0,0;3,2;0,0;0,0;0,0;0,0;0,0;0,0;0,0;4,9;0,0;1;1;1;1;1;1;1;1;1;1;1;1;1;1;1;1;1;1;1;1;1;1;1;1;1;1;1;1;1;1;1;
1340039;1;01/06/2019;1;9,6;18,8;24;5;1;1;1;;0;0,0;0,0;0,0;0,0;0,0;0,0;0,0;0,0;0,0;0,0;0,0;3,0;0,0;0,0;0,0;0,0;2,7;0,0;0,0;0,0;0,0;0,0;0,0;9,6;1,8;0,0;0,0;0,0;0,0;1,7;0,0;1;1;1;1;1;1;1;1;1;1;1;1;1;1;1;1;1;1;1;1;1;1;1;1;1;1;1;1;1;1;1;
1340039;1;01/05/2019;1;5,4;5,4;31;1;1;1;1;;0;0,0;0,0;0,0;0,0;0,0;0,0;0,0;0,0;0,0;0,0;0,0;0,0;0,0;0,0;0,0;0,0;0,0;0,0;0,0;0,0;0,0;0,0;0,0;0,0;0,0;0,0;0,0;0,0;0,0;0,0;5,4;1;1;1;1;1;1;1;1;1;1;1;1;1;1;1;1;1;1;1;1;1;1;1;1;1;1;1;1;1;1;1;
1340039;1;01/04/2019;1;4,2;4,2;15;1;1;1;1;;0;0,0;0,0;0,0;0,0;0,0;0,0;0,0;0,0;0,0;0,0;0,0;0,0;0,0;0,0;4,2;0,0;0,0;0,0;0,0;0,0;0,0;0,0;0,0;0,0;0,0;0,0;0,0;0,0;0,0;0,0;0,0;1;1;1;1;1;1;1;1;1;1;1;1;1;1;1;1;1;1;1;1;1;1;1;1;1;1;1;1;1;1;1;
1340039;1;01/03/2019;1;79,5;202,4;25;8;1;1;1;;0;3,8;0,0;0,0;6,8;0,0;0,0;0,0;0,0;0,0;0,0;0,0;0,0;0,0;0,0;0,0;0,0;0,0;0,0;0,0;0,0;25,7;5,7;1,7;7,6;79,5;71,6;0,0;0,0;0,0;0,0;0,0;1;1;1;1;1;1;1;1;1;1;1;1;1;1;1;1;1;1;1;1;1;1;1;1;1;1;1;1;1;1;1;
1340039;1;01/02/2019;1;44,9;69,6;18;3;1;1;1;;0;0,0;0,0;0,0;0,0;0,0;0,0;0,0;0,0;0,0;0,0;0,0;0,0;0,0;0,0;0,0;0,0;0,0;44,9;0,0;0,0;0,0;0,0;0,0;0,0;0,0;0,0;20,0;4,7;0,0;0,0;0,0;1;1;1;1;1;1;1;1;1;1;1;1;1;1;1;1;1;1;1;1;1;1;1;1;1;1;1;1;1;1;1;
1340039;1;01/01/2019;1;4,2;4,2;11;1;1;1;1;;0;0,0;0,0;0,0;0,0;0,0;0,0;0,0;0,0;0,0;0,0;4,2;0,0;0,0;0,0;0,0;0,0;0,0;0,0;0,0;0,0;0,0;0,0;0,0;0,0;0,0;0,0;0,0;0,0;0,0;0,0;0,0;1;1;1;1;1;1;1;1;1;1;1;1;1;1;1;1;1;1;1;1;1;1;1;1;1;1;1;1;1;1;1;
1340039;1;01/12/2018;1;64,7;217,5;4;9;1;1;1;;0;0,0;1,8;49,4;64,7;1,3;7,2;4,3;0,0;46,7;30,7;11,4;0,0;0,0;0,0;0,0;0,0;0,0;0,0;0,0;0,0;0,0;0,0;0,0;0,0;0,0;0,0;0,0;0,0;0,0;0,0;0,0;1;1;1;1;1;1;1;1;1;1;1;1;1;1;1;1;1;1;1;1;1;1;1;1;1;1;1;1;1;1;1;
1340039;1;01/10/2018;1;15,1;21,5;29;2;1;1;1;;0;0,0;0,0;0,0;0,0;0,0;0,0;0,0;0,0;0,0;0,0;0,0;0,0;0,0;0,0;0,0;0,0;0,0;0,0;0,0;0,0;0,0;0,0;0,0;0,0;0,0;0,0;0,0;6,4;15,1;0,0;0,0;1;1;1;1;1;1;1;1;1;1;1;1;1;1;1;1;1;1;1;1;1;1;1;1;1;1;1;1;1;1;1;
1340039;1;01/09/2018;1;0,0;0,0;1;0;1;1;1;;0;0,0;0,0;0,0;0,0;0,0;0,0;0,0;0,0;0,0;0,0;0,0;0,0;0,0;0,0;0,0;0,0;0,0;0,0;0,0;0,0;0,0;0,0;0,0;0,0;0,0;0,0;0,0;0,0;0,0;0,0;;1;1;1;1;1;1;1;1;1;1;1;1;1;1;1;1;1;1;1;1;1;1;1;1;1;1;1;1;1;1;0;
1340039;1;01/08/2018;1;4,6;4,6;18;1;1;1;1;;0;0,0;0,0;0,0;0,0;0,0;0,0;0,0;0,0;0,0;0,0;0,0;0,0;0,0;0,0;0,0;0,0;0,0;4,6;0,0;0,0;0,0;0,0;0,0;0,0;0,0;0,0;0,0;0,0;0,0;0,0;0,0;1;1;1;1;1;1;1;1;1;1;1;1;1;1;1;1;1;1;1;1;1;1;1;1;1;1;1;1;1;1;1;
1340039;1;01/07/2018;1;3,8;3,8;24;1;1;1;1;;0;0,0;0,0;0,0;0,0;0,0;0,0;0,0;0,0;0,0;0,0;0,0;0,0;0,0;0,0;0,0;0,0;0,0;0,0;0,0;0,0;0,0;0,0;0,0;3,8;0,0;0,0;0,0;0,0;0,0;0,0;0,0;1;1;1;1;1;1;1;1;1;1;1;1;1;1;1;1;1;1;1;1;1;1;1;1;1;1;1;1;1;1;1;
1340039;1;01/06/2018;1;6,7;8,0;14;2;1;1;1;;0;0,0;0,0;1,3;0,0;0,0;0,0;0,0;0,0;0,0;0,0;0,0;0,0;0,0;6,7;0,0;0,0;0,0;0,0;0,0;0,0;0,0;0,0;0,0;0,0;0,0;0,0;0,0;0,0;0,0;0,0;;1;1;1;1;1;1;1;1;1;1;1;1;1;1;1;1;1;1;1;1;1;1;1;1;1;1;1;1;1;1;0;
1340039;1;01/05/2018;1;6,3;13,0;27;3;1;1;1;;0;0,0;0,0;0,0;1,4;0,0;0,0;0,0;0,0;0,0;0,0;0,0;0,0;0,0;0,0;0,0;0,0;0,0;0,0;0,0;0,0;0,0;0,0;0,0;0,0;0,0;0,0;6,3;5,3;0,0;0,0;0,0;1;1;1;1;1;1;1;1;1;1;1;1;1;1;1;1;1;1;1;1;1;1;1;1;1;1;1;1;1;1;1;
1340039;1;01/04/2018;1;11,5;17,7;12;2;1;1;1;;0;0,0;0,0;0,0;0,0;0,0;0,0;0,0;0,0;0,0;0,0;0,0;11,5;0,0;0,0;0,0;0,0;0,0;6,2;0,0;0,0;0,0;0,0;0,0;0,0;0,0;0,0;0,0;0,0;0,0;0,0;;1;1;1;1;1;1;1;1;1;1;1;1;1;1;1;1;1;1;1;1;1;1;1;1;1;1;1;1;1;1;0;
1340039;1;01/03/2018;1;61,0;82,9;13;5;1;1;1;;0;0,0;0,0;0,0;0,0;0,0;7,1;0,0;0,0;4,3;0,0;1,4;9,1;61,0;0,0;0,0;0,0;0,0;0,0;0,0;0,0;0,0;0,0;0,0;0,0;0,0;0,0;0,0;0,0;0,0;0,0;0,0;1;1;1;1;1;1;1;1;1;1;1;1;1;1;1;1;1;1;1;1;1;1;1;1;1;1;1;1;1;1;1;
1340039;1;01/02/2018;1;130,2;221,3;9;8;1;1;1;;0;0,0;0,0;0,0;19,7;33,8;4,6;13,4;7,1;130,2;0,0;0,0;0,0;0,0;0,0;0,0;0,0;0,0;0,0;0,0;0,0;0,0;0,0;0,0;7,3;0,0;5,2;0,0;0,0;;;;1;1;1;1;1;1;1;1;1;1;1;1;1;1;1;1;1;1;1;1;1;1;1;1;1;1;1;1;0;0;0;
1340039;1;01/01/2018;1;13,9;28,3;11;5;1;1;1;;0;0,0;0,0;0,0;0,0;3,0;0,0;0,0;0,0;0,0;0,6;13,9;0,0;0,0;0,0;0,0;0,0;0,0;0,0;8,3;0,0;0,0;0,0;0,0;0,0;0,0;0,0;2,5;0,0;0,0;0,0;0,0;1;1;1;1;1;1;1;1;1;1;1;1;1;1;1;1;1;1;1;1;1;1;1;1;1;1;1;1;1;1;1;
1340039;1;01/12/2017;1;7,9;18,8;13;7;1;1;1;;0;1,0;0,0;0,0;0,0;0,0;0,0;0,0;1,9;4,5;2,5;0,0;0,0;7,9;0,3;0,0;0,0;0,0;0,0;0,0;0,0;0,0;0,0;0,0;0,7;0,0;0,0;0,0;0,0;0,0;0,0;0,0;1;1;1;1;1;1;1;1;1;1;1;1;1;1;1;1;1;1;1;1;1;1;1;1;1;1;1;1;1;1;1;
1340039;1;01/11/2017;1;61,8;100,0;15;7;1;1;1;;0;0,0;3,6;1,7;0,0;0,0;0,0;0,0;4,9;0,0;0,0;0,0;0,0;20,3;5,4;61,8;0,0;2,3;0,0;0,0;0,0;0,0;0,0;0,0;0,0;0,0;0,0;0,0;0,0;0,0;0,0;;1;1;1;1;1;1;1;1;1;1;1;1;1;1;1;1;1;1;1;1;1;1;1;1;1;1;1;1;1;1;0;
1340039;1;01/10/2017;1;0,0;0,0;1;0;1;1;1;;0;0,0;0,0;0,0;0,0;0,0;0,0;0,0;0,0;0,0;0,0;0,0;0,0;0,0;0,0;0,0;0,0;0,0;0,0;0,0;0,0;0,0;0,0;0,0;0,0;0,0;0,0;0,0;0,0;0,0;0,0;0,0;1;1;1;1;1;1;1;1;1;1;1;1;1;1;1;1;1;1;1;1;1;1;1;1;1;1;1;1;1;1;1;
1340039;1;01/09/2017;1;6,7;6,7;3;1;1;1;1;;0;0,0;0,0;6,7;0,0;0,0;0,0;0,0;0,0;0,0;0,0;0,0;0,0;0,0;0,0;0,0;0,0;0,0;0,0;0,0;0,0;0,0;0,0;0,0;0,0;0,0;0,0;0,0;0,0;0,0;0,0;;1;1;1;1;1;1;1;1;1;1;1;1;1;1;1;1;1;1;1;1;1;1;1;1;1;1;1;1;1;1;0;
1340039;1;01/08/2017;1;2,4;2,4;23;1;1;1;1;;0;0,0;0,0;0,0;0,0;0,0;0,0;0,0;0,0;0,0;0,0;0,0;0,0;0,0;0,0;0,0;0,0;0,0;0,0;0,0;0,0;0,0;0,0;2,4;0,0;0,0;0,0;0,0;0,0;0,0;0,0;0,0;1;1;1;1;1;1;1;1;1;1;1;1;1;1;1;1;1;1;1;1;1;1;1;1;1;1;1;1;1;1;1;
1340039;1;01/07/2017;1;3,9;10,9;29;6;1;1;1;;0;0,0;0,0;0,0;0,0;0,0;0,0;0,0;0,0;0,0;2,1;1,3;0,0;1,2;0,0;0,0;0,0;0,0;0,0;0,0;0,0;0,0;0,0;0,0;0,0;0,0;0,0;0,0;1,4;3,9;1,0;0,0;1;1;1;1;1;1;1;1;1;1;1;1;1;1;1;1;1;1;1;1;1;1;1;1;1;1;1;1;1;1;1;
1340039;1;01/06/2017;1;2,3;3,8;1;3;1;1;1;;0;2,3;0,0;1,0;0,0;0,0;0,0;0,0;0,5;0,0;0,0;0,0;0,0;0,0;0,0;0,0;0,0;0,0;0,0;0,0;0,0;0,0;0,0;0,0;0,0;0,0;0,0;0,0;0,0;0,0;0,0;;1;1;1;1;1;1;1;1;1;1;1;1;1;1;1;1;1;1;1;1;1;1;1;1;1;1;1;1;1;1;0;
1340039;1;01/05/2017;1;12,7;12,7;3;1;1;1;1;;0;0,0;0,0;12,7;0,0;0,0;0,0;0,0;0,0;0,0;0,0;0,0;0,0;0,0;0,0;0,0;0,0;0,0;0,0;0,0;0,0;0,0;0,0;0,0;0,0;0,0;0,0;0,0;0,0;0,0;0,0;0,0;1;1;1;1;1;1;1;1;1;1;1;1;1;1;1;1;1;1;1;1;1;1;1;1;1;1;1;1;1;1;1;
1340039;1;01/04/2017;1;14,4;20,3;1;4;1;1;1;;0;14,4;1,7;2,0;0,0;0,0;0,0;0,0;0,0;0,0;2,2;0,0;0,0;0,0;0,0;0,0;0,0;0,0;0,0;0,0;0,0;0,0;0,0;0,0;0,0;0,0;0,0;0,0;0,0;0,0;0,0;;1;1;1;1;1;1;1;1;1;1;1;1;1;1;1;1;1;1;1;1;1;1;1;1;1;1;1;1;1;1;0;
1340039;1;01/03/2017;1;29,4;45,8;29;3;1;1;1;;0;8,4;0,0;0,0;0,0;0,0;0,0;0,0;0,0;0,0;0,0;0,0;0,0;0,0;0,0;0,0;0,0;0,0;0,0;0,0;0,0;0,0;0,0;0,0;0,0;0,0;0,0;0,0;0,0;29,4;0,0;8,0;1;1;1;1;1;1;1;1;1;1;1;1;1;1;1;1;1;1;1;1;1;1;1;1;1;1;1;1;1;1;1;
1340039;1;01/02/2017;1;7,7;8,4;22;2;1;1;1;;0;0,0;0,0;0,0;0,0;0,0;0,0;0,0;0,0;0,0;0,0;0,0;0,0;0,0;0,0;0,0;0,7;0,0;0,0;0,0;0,0;0,0;7,7;0,0;0,0;0,0;0,0;0,0;0,0;;;;1;1;1;1;1;1;1;1;1;1;1;1;1;1;1;1;1;1;1;1;1;1;1;1;1;1;1;1;0;0;0;
1340039;1;01/01/2017;1;0,0;0,0;1;0;1;1;1;;0;0,0;0,0;0,0;0,0;0,0;0,0;0,0;0,0;0,0;0,0;0,0;0,0;0,0;0,0;0,0;0,0;0,0;0,0;0,0;0,0;0,0;0,0;0,0;0,0;0,0;0,0;0,0;0,0;0,0;0,0;0,0;1;1;1;1;1;1;1;1;1;1;1;1;1;1;1;1;1;1;1;1;1;1;1;1;1;1;1;1;1;1;1;
1340039;1;01/12/2016;1;4,2;6,8;13;3;1;1;1;;0;0,0;0,0;0,0;0,0;0,0;0,0;1,7;0,0;0,9;0,0;0,0;0,0;4,2;0,0;0,0;0,0;0,0;0,0;0,0;0,0;0,0;0,0;0,0;0,0;0,0;0,0;0,0;0,0;0,0;0,0;0,0;1;1;1;1;1;1;1;1;1;1;1;1;1;1;1;1;1;1;1;1;1;1;1;1;1;1;1;1;1;1;1;
1340039;1;01/11/2016;1;43,3;146,4;14;6;1;1;1;;0;0,0;0,0;0,0;0,0;0,0;0,0;0,0;0,0;0,0;0,0;0,0;0,0;0,0;43,3;27,1;5,8;32,8;0,0;21,9;15,5;0,0;0,0;0,0;0,0;0,0;0,0;0,0;0,0;0,0;0,0;;1;1;1;1;1;1;1;1;1;1;1;1;1;1;1;1;1;1;1;1;1;1;1;1;1;1;1;1;1;1;0;
1340039;1;01/10/2016;1;6,6;17,0;14;3;1;1;1;;0;0,0;0,0;0,0;0,0;5,2;0,0;5,2;0,0;0,0;0,0;0,0;0,0;0,0;6,6;0,0;0,0;0,0;0,0;0,0;0,0;0,0;0,0;0,0;0,0;0,0;0,0;0,0;0,0;0,0;0,0;0,0;1;1;1;1;1;1;1;1;1;1;1;1;1;1;1;1;1;1;1;1;1;1;1;1;1;1;1;1;1;1;1;
1340039;1;01/09/2016;1;7,8;13,4;28;3;1;1;1;;0;0,0;0,0;0,0;0,0;3,5;0,0;0,0;0,0;0,0;0,0;0,0;0,0;0,0;0,0;0,0;0,0;0,0;0,0;0,0;0,0;0,0;0,0;0,0;0,0;0,0;0,0;2,1;7,8;0,0;0,0;;1;1;1;1;1;1;1;1;1;1;1;1;1;1;1;1;1;1;1;1;1;1;1;1;1;1;1;1;1;1;0;
1340039;1;01/08/2016;1;13,3;16,2;30;2;1;1;1;;0;0,0;0,0;0,0;0,0;0,0;0,0;0,0;0,0;0,0;0,0;0,0;0,0;0,0;0,0;0,0;0,0;0,0;0,0;0,0;0,0;0,0;0,0;0,0;0,0;0,0;0,0;2,9;0,0;0,0;13,3;0,0;1;1;1;1;1;1;1;1;1;1;1;1;1;1;1;1;1;1;1;1;1;1;1;1;1;1;1;1;1;1;1;
1340039;1;01/07/2016;1;1,3;3,4;24;4;1;1;1;;0;0,0;0,0;0,0;0,0;0,0;0,0;0,0;0,0;0,0;0,0;0,0;0,0;0,0;0,0;0,0;0,0;0,0;0,0;0,0;0,0;0,0;0,0;0,0;1,3;1,1;0,3;0,0;0,0;0,7;0,0;0,0;1;1;1;1;1;1;1;1;1;1;1;1;1;1;1;1;1;1;1;1;1;1;1;1;1;1;1;1;1;1;1;
1340039;1;01/06/2016;1;6,8;9,2;26;3;1;1;1;;0;0,0;0,0;0,0;0,0;0,0;0,0;0,0;0,0;0,0;0,0;0,0;0,0;0,0;0,0;0,0;0,0;0,0;0,0;0,0;0,0;0,0;0,0;0,0;0,0;0,0;6,8;0,0;0,6;0,0;1,8;;1;1;1;1;1;1;1;1;1;1;1;1;1;1;1;1;1;1;1;1;1;1;1;1;1;1;1;1;1;1;0;
1340039;1;01/05/2016;1;1,5;2,7;8;2;1;1;1;;0;0,0;0,0;1,2;0,0;0,0;0,0;0,0;1,5;0,0;0,0;0,0;0,0;0,0;0,0;0,0;0,0;0,0;0,0;0,0;0,0;0,0;0,0;0,0;0,0;0,0;0,0;0,0;0,0;0,0;0,0;0,0;1;1;1;1;1;1;1;1;1;1;1;1;1;1;1;1;1;1;1;1;1;1;1;1;1;1;1;1;1;1;1;
1340039;1;01/04/2016;1;2,9;9,2;2;4;1;1;1;;0;0,0;2,9;0,0;2,5;0,0;0,0;0,0;0,0;0,0;0,0;0,0;0,0;2,7;0,0;1,1;0,0;0,0;0,0;0,0;0,0;0,0;0,0;0,0;0,0;0,0;0,0;0,0;0,0;0,0;0,0;;1;1;1;1;1;1;1;1;1;1;1;1;1;1;1;1;1;1;1;1;1;1;1;1;1;1;1;1;1;1;0;
1340039;1;01/03/2016;1;0,0;0,0;1;0;1;1;1;;0;0,0;0,0;0,0;0,0;0,0;0,0;0,0;0,0;0,0;0,0;0,0;0,0;0,0;0,0;0,0;0,0;0,0;0,0;0,0;0,0;0,0;0,0;0,0;0,0;0,0;0,0;0,0;0,0;0,0;0,0;0,0;1;1;1;1;1;1;1;1;1;1;1;1;1;1;1;1;1;1;1;1;1;1;1;1;1;1;1;1;1;1;1;
1340039;1;01/02/2016;1;0,0;0,0;1;0;1;1;1;;0;0,0;0,0;0,0;0,0;0,0;0,0;0,0;0,0;0,0;0,0;0,0;0,0;0,0;0,0;0,0;0,0;0,0;0,0;0,0;0,0;0,0;0,0;0,0;0,0;0,0;0,0;0,0;0,0;0,0;;;1;1;1;1;1;1;1;1;1;1;1;1;1;1;1;1;1;1;1;1;1;1;1;1;1;1;1;1;1;0;0;
1340039;1;01/01/2016;1;90,0;389,4;23;18;1;1;1;;0;0,0;0,0;0,0;1,0;4,9;42,5;0,0;37,1;10,1;12,7;0,0;0,0;0,0;0,4;29,5;0,0;15,5;0,0;21,3;11,2;15,8;29,5;90,0;4,6;3,4;52,8;0,0;7,1;0,0;0,0;0,0;1;1;1;1;1;1;1;1;1;1;1;1;1;1;1;1;1;1;1;1;1;1;1;1;1;1;1;1;1;1;1;
1340039;1;01/12/2015;1;0,0;0,0;1;0;1;1;1;;0;0,0;0,0;0,0;0,0;0,0;0,0;0,0;0,0;0,0;0,0;0,0;0,0;0,0;0,0;0,0;0,0;0,0;0,0;0,0;0,0;0,0;0,0;0,0;0,0;0,0;0,0;0,0;0,0;0,0;0,0;0,0;1;1;1;1;1;1;1;1;1;1;1;1;1;1;1;1;1;1;1;1;1;1;1;1;1;1;1;1;1;1;1;
1340039;1;01/11/2015;1;13,3;15,3;26;2;1;1;1;;0;0,0;0,0;0,0;0,0;0,0;0,0;0,0;0,0;0,0;0,0;0,0;0,0;0,0;0,0;0,0;0,0;0,0;0,0;0,0;0,0;0,0;0,0;0,0;0,0;0,0;13,3;2,0;0,0;0,0;0,0;;1;1;1;1;1;1;1;1;1;1;1;1;1;1;1;1;1;1;1;1;1;1;1;1;1;1;1;1;1;1;0;
1340039;1;01/10/2015;1;22,7;22,7;29;1;1;1;1;;0;0,0;0,0;0,0;0,0;0,0;0,0;0,0;0,0;0,0;0,0;0,0;0,0;0,0;0,0;0,0;0,0;0,0;0,0;0,0;0,0;0,0;0,0;0,0;0,0;0,0;0,0;0,0;0,0;22,7;0,0;0,0;1;1;1;1;1;1;1;1;1;1;1;1;1;1;1;1;1;1;1;1;1;1;1;1;1;1;1;1;1;1;1;
1340039;1;01/09/2015;1;0,0;0,0;1;0;1;1;1;;0;0,0;0,0;0,0;0,0;0,0;0,0;0,0;0,0;0,0;0,0;0,0;0,0;0,0;0,0;0,0;0,0;0,0;0,0;0,0;0,0;0,0;0,0;0,0;0,0;0,0;0,0;0,0;0,0;0,0;0,0;;1;1;1;1;1;1;1;1;1;1;1;1;1;1;1;1;1;1;1;1;1;1;1;1;1;1;1;1;1;1;0;
1340039;1;01/08/2015;1;7,8;11,5;20;2;1;1;1;;0;0,0;0,0;0,0;0,0;0,0;0,0;0,0;0,0;0,0;0,0;0,0;0,0;0,0;0,0;0,0;0,0;0,0;3,7;0,0;7,8;0,0;0,0;0,0;0,0;0,0;0,0;0,0;0,0;0,0;0,0;0,0;1;1;1;1;1;1;1;1;1;1;1;1;1;1;1;1;1;1;1;1;1;1;1;1;1;1;1;1;1;1;1;
1340039;1;01/07/2015;1;7,7;7,7;13;1;1;1;1;;0;0,0;0,0;0,0;0,0;0,0;0,0;0,0;0,0;0,0;0,0;0,0;0,0;7,7;0,0;0,0;0,0;0,0;0,0;0,0;0,0;0,0;0,0;0,0;0,0;0,0;0,0;0,0;0,0;0,0;0,0;0,0;1;1;1;1;1;1;1;1;1;1;1;1;1;1;1;1;1;1;1;1;1;1;1;1;1;1;1;1;1;1;1;
1340039;1;01/06/2015;1;8,3;23,4;7;4;1;1;1;;0;0,0;0,0;0,0;0,0;0,0;0,0;8,3;5,1;0,0;5,5;4,5;0,0;0,0;0,0;0,0;0,0;0,0;0,0;0,0;0,0;0,0;0,0;0,0;0,0;0,0;0,0;0,0;0,0;0,0;0,0;;1;1;1;1;1;1;1;1;1;1;1;1;1;1;1;1;1;1;1;1;1;1;1;1;1;1;1;1;1;1;0;
1340039;1;01/05/2015;1;9,0;34,3;26;5;1;1;1;;0;4,7;6,3;0,0;0,0;0,0;0,0;0,0;0,0;0,0;0,0;0,0;0,0;0,0;0,0;0,0;0,0;0,0;0,0;0,0;0,0;7,0;7,3;0,0;0,0;0,0;9,0;0,0;0,0;0,0;0,0;0,0;1;1;1;1;1;1;1;1;1;1;1;1;1;1;1;1;1;1;1;1;1;1;1;1;1;1;1;1;1;1;1;
1340039;1;01/04/2015;1;50,6;119,1;27;5;1;1;1;;0;0,0;0,0;0,0;0,0;0,0;0,0;0,0;4,4;0,0;0,0;0,0;0,0;0,0;0,0;0,0;0,0;0,0;0,0;0,0;13,9;0,0;0,0;0,0;0,0;0,0;0,0;50,6;0,0;16,6;33,6;;1;1;1;1;1;1;1;1;1;1;1;1;1;1;1;1;1;1;1;1;1;1;1;1;1;1;1;1;1;1;0;
1340039;1;01/03/2015;1;18,3;21,2;23;2;1;1;1;;0;0,0;0,0;2,9;0,0;0,0;0,0;0,0;0,0;0,0;0,0;0,0;0,0;0,0;0,0;0,0;0,0;0,0;0,0;0,0;0,0;0,0;0,0;18,3;0,0;0,0;0,0;0,0;0,0;0,0;0,0;0,0;1;1;1;1;1;1;1;1;1;1;1;1;1;1;1;1;1;1;1;1;1;1;1;1;1;1;1;1;1;1;1;
1340039;1;01/02/2015;1;40,1;71,1;24;7;1;1;1;;0;0,0;0,0;0,0;0,0;0,0;7,7;0,0;2,3;0,0;0,0;0,0;0,0;0,0;0,0;0,0;4,2;0,0;0,0;0,0;0,0;0,0;3,2;8,7;40,1;4,9;0,0;0,0;0,0;;;;1;1;1;1;1;1;1;1;1;1;1;1;1;1;1;1;1;1;1;1;1;1;1;1;1;1;1;1;0;0;0;
1340039;1;01/01/2015;1;;;;;0;0;0;;0;0,0;0,0;0,0;6,6;0,0;0,0;0,0;0,0;0,0;0,0;0,0;0,0;0,0;0,0;0,0;0,0;0,0;0,0;0,0;0,0;0,0;0,0;0,0;0,0;0,0;0,0;0,0;0,0;0,0;0,0;;1;1;1;1;1;1;1;1;1;1;1;1;1;1;1;1;1;1;1;1;1;1;1;1;1;1;1;1;1;1;0;
1340039;1;01/12/2014;1;97,3;225,8;16;8;1;1;1;;0;0,0;0,0;0,0;0,0;0,0;0,0;0,0;0,0;0,0;0,0;0,0;0,0;0,0;0,0;0,0;97,3;41,0;12,0;30,7;27,5;0,0;0,0;0,0;0,0;8,7;1,3;0,0;7,3;0,0;0,0;0,0;1;1;1;1;1;1;1;1;1;1;1;1;1;1;1;1;1;1;1;1;1;1;1;1;1;1;1;1;1;1;1;
1340039;1;01/11/2014;1;39,9;95,2;17;7;1;1;1;;0;0,0;0,0;0,0;0,0;0,0;0,0;0,0;0,0;0,0;0,0;6,3;0,0;0,0;3,9;3,8;28,7;39,9;8,7;3,9;0,0;0,0;0,0;0,0;0,0;0,0;0,0;0,0;0,0;0,0;0,0;;1;1;1;1;1;1;1;1;1;1;1;1;1;1;1;1;1;1;1;1;1;1;1;1;1;1;1;1;1;1;0;
1340039;1;01/10/2014;1;11,9;25,9;29;5;1;1;1;;0;0,0;0,0;2,1;0,0;0,0;0,0;0,0;0,0;0,0;0,0;0,0;0,0;0,0;0,0;0,0;0,0;0,0;0,0;0,0;0,0;0,0;0,0;1,1;0,0;0,0;0,0;0,0;3,0;11,9;7,8;0,0;1;1;1;1;1;1;1;1;1;1;1;1;1;1;1;1;1;1;1;1;1;1;1;1;1;1;1;1;1;1;1;
1340039;1;01/09/2014;1;0,0;0,0;1;0;1;1;1;;0;0,0;0,0;0,0;0,0;0,0;0,0;0,0;0,0;0,0;0,0;0,0;0,0;0,0;0,0;0,0;0,0;0,0;0,0;0,0;0,0;0,0;0,0;0,0;0,0;0,0;0,0;0,0;0,0;0,0;0,0;;1;1;1;1;1;1;1;1;1;1;1;1;1;1;1;1;1;1;1;1;1;1;1;1;1;1;1;1;1;1;0;
1340039;1;01/08/2014;1;0,0;0,0;1;0;1;1;1;;0;0,0;0,0;0,0;0,0;0,0;0,0;0,0;0,0;0,0;0,0;0,0;0,0;0,0;0,0;0,0;0,0;0,0;0,0;0,0;0,0;0,0;0,0;0,0;0,0;0,0;0,0;0,0;0,0;0,0;0,0;0,0;1;1;1;1;1;1;1;1;1;1;1;1;1;1;1;1;1;1;1;1;1;1;1;1;1;1;1;1;1;1;1;
1340039;1;01/07/2014;1;5,3;13,5;28;4;1;1;1;;0;0,0;0,0;0,0;0,0;0,0;0,0;0,0;0,0;0,0;0,0;0,0;0,0;0,0;0,0;0,0;3,0;0,0;0,0;0,0;0,0;0,0;0,0;1,3;0,0;0,0;0,0;0,0;5,3;0,0;3,9;0,0;1;1;1;1;1;1;1;1;1;1;1;1;1;1;1;1;1;1;1;1;1;1;1;1;1;1;1;1;1;1;1;
1340039;1;01/06/2014;1;4,7;10,2;16;4;1;1;1;;0;0,0;0,0;0,0;0,0;0,0;0,0;0,0;0,0;0,0;1,7;0,0;0,0;0,0;0,0;0,0;4,7;0,1;0,0;0,0;0,0;0,0;0,0;3,7;0,0;0,0;0,0;0,0;0,0;0,0;0,0;;1;1;1;1;1;1;1;1;1;1;1;1;1;1;1;1;1;1;1;1;1;1;1;1;1;1;1;1;1;1;0;
1340039;1;01/05/2014;1;5,0;16,0;5;5;1;1;1;;0;1,7;0,0;0,0;0,0;5,0;0,0;4,2;0,0;0,0;2,8;0,0;0,0;0,0;0,0;0,0;0,0;2,3;0,0;0,0;0,0;0,0;0,0;0,0;0,0;0,0;0,0;0,0;0,0;0,0;0,0;0,0;1;1;1;1;1;1;1;1;1;1;1;1;1;1;1;1;1;1;1;1;1;1;1;1;1;1;1;1;1;1;1;
1340039;1;01/04/2014;1;4,7;9,0;4;2;1;1;1;;0;0,0;0,0;0,0;4,7;0,0;0,0;0,0;0,0;0,0;0,0;0,0;0,0;0,0;0,0;0,0;0,0;0,0;0,0;4,3;0,0;0,0;0,0;0,0;0,0;0,0;0,0;0,0;0,0;0,0;0,0;;1;1;1;1;1;1;1;1;1;1;1;1;1;1;1;1;1;1;1;1;1;1;1;1;1;1;1;1;1;1;0;
1340039;1;01/03/2014;1;8,9;21,0;28;5;1;1;1;;0;0,0;0,0;5,4;1,2;0,0;0,0;0,0;0,0;0,0;0,0;0,0;0,0;0,0;0,0;0,0;4,3;0,0;0,0;0,0;0,0;0,0;0,0;0,0;0,0;0,0;0,0;1,2;8,9;0,0;0,0;0,0;1;1;1;1;1;1;1;1;1;1;1;1;1;1;1;1;1;1;1;1;1;1;1;1;1;1;1;1;1;1;1;
1340039;1;01/02/2014;1;1,7;3,2;28;2;1;1;1;;0;0,0;0,0;0,0;0,0;0,0;0,0;0,0;0,0;0,0;0,0;0,0;0,0;0,0;0,0;0,0;0,0;0,0;0,0;0,0;0,0;1,5;0,0;0,0;0,0;0,0;0,0;0,0;1,7;;;;1;1;1;1;1;1;1;1;1;1;1;1;1;1;1;1;1;1;1;1;1;1;1;1;1;1;1;1;0;0;0;
1340039;1;01/01/2014;1;9,3;23,8;11;6;1;1;1;;0;0,0;0,0;0,0;0,0;0,0;0,0;0,0;0,0;0,0;0,0;9,3;2,0;0,0;1,5;0,0;0,0;0,0;0,0;0,0;0,0;0,0;3,5;0,0;2,3;0,0;0,0;0,0;0,0;5,2;0,0;0,0;1;1;1;1;1;1;1;1;1;1;1;1;1;1;1;1;1;1;1;1;1;1;1;1;1;1;1;1;1;1;1;
1340039;1;01/12/2013;1;44,6;197,9;19;8;1;1;1;;0;0,0;0,0;0,0;0,0;0,0;0,0;0,0;0,0;0,0;0,0;0,0;31,3;31,2;22,8;35,5;0,0;0,0;0,0;44,6;4,1;19,5;8,9;0,0;0,0;0,0;0,0;0,0;0,0;0,0;0,0;0,0;1;1;1;1;1;1;1;1;1;1;1;1;1;1;1;1;1;1;1;1;1;1;1;1;1;1;1;1;1;1;1;
1340039;1;01/11/2013;1;12,9;40,3;28;7;1;1;1;;0;0,0;0,0;0,6;0,0;0,0;11,7;2,1;0,0;0,0;0,0;0,0;0,0;0,0;0,0;0,0;0,0;0,0;0,0;0,0;0,0;0,0;0,0;0,0;0,0;0,0;2,9;4,1;12,9;6,0;0,0;;1;1;1;1;1;1;1;1;1;1;1;1;1;1;1;1;1;1;1;1;1;1;1;1;1;1;1;1;1;1;0;
1340039;1;01/10/2013;1;14,6;14,6;6;1;1;1;1;;0;0,0;0,0;0,0;0,0;0,0;14,6;0,0;0,0;0,0;0,0;0,0;0,0;0,0;0,0;0,0;0,0;0,0;0,0;0,0;0,0;0,0;0,0;0,0;0,0;0,0;0,0;0,0;0,0;0,0;0,0;0,0;1;1;1;1;1;1;1;1;1;1;1;1;1;1;1;1;1;1;1;1;1;1;1;1;1;1;1;1;1;1;1;
1340039;1;01/09/2013;1;2,8;2,8;11;1;1;1;1;;0;0,0;0,0;0,0;0,0;0,0;0,0;0,0;0,0;0,0;0,0;2,8;0,0;0,0;0,0;0,0;0,0;0,0;0,0;0,0;0,0;0,0;0,0;0,0;0,0;0,0;0,0;0,0;0,0;0,0;0,0;;1;1;1;1;1;1;1;1;1;1;1;1;1;1;1;1;1;1;1;1;1;1;1;1;1;1;1;1;1;1;0;
1340039;1;01/08/2013;1;5,9;11,3;15;5;1;1;1;;0;0,0;0,0;0,0;0,0;0,0;0,0;0,0;0,0;0,0;0,0;4,3;0,0;0,0;0,0;5,9;0,0;0,0;0,0;0,0;0,6;0,0;0,0;0,0;0,0;0,0;0,0;0,0;0,0;0,3;0,2;0,0;1;1;1;1;1;1;1;1;1;1;1;1;1;1;1;1;1;1;1;1;1;1;1;1;1;1;1;1;1;1;1;
1340039;1;01/07/2013;1;9,3;9,9;4;2;1;1;1;;0;0,0;0,0;0,0;9,3;0,0;0,0;0,6;0,0;0,0;0,0;0,0;0,0;0,0;0,0;0,0;0,0;0,0;0,0;0,0;0,0;0,0;0,0;0,0;0,0;0,0;0,0;0,0;0,0;0,0;0,0;0,0;1;1;1;1;1;1;1;1;1;1;1;1;1;1;1;1;1;1;1;1;1;1;1;1;1;1;1;1;1;1;1;
1340039;1;01/06/2013;1;8,7;22,9;25;6;1;1;1;;0;0,0;0,0;0,0;0,0;0,0;0,0;0,0;2,3;0,0;0,0;0,0;0,0;0,0;0,0;0,0;0,0;0,0;0,0;7,1;0,0;0,0;0,0;2,4;1,2;8,7;0,0;1,2;0,0;0,0;0,0;;1;1;1;1;1;1;1;1;1;1;1;1;1;1;1;1;1;1;1;1;1;1;1;1;1;1;1;1;1;1;0;
1340039;1;01/05/2013;1;7,9;15,4;26;6;1;1;1;;0;0,0;0,0;0,9;0,0;0,0;0,0;0,0;0,0;0,0;0,0;0,0;0,0;1,4;0,8;0,0;0,0;0,0;0,0;0,0;0,0;0,0;0,0;0,0;0,0;2,1;7,9;2,3;0,0;0,0;0,0;0,0;1;1;1;1;1;1;1;1;1;1;1;1;1;1;1;1;1;1;1;1;1;1;1;1;1;1;1;1;1;1;1;
1340039;1;01/04/2013;1;7,4;32,7;20;7;1;1;1;;0;0,0;0,0;0,0;0,0;0,0;0,0;6,1;5,0;0,0;0,0;4,9;0,0;0,0;0,0;3,2;0,0;0,0;5,1;1,0;7,4;0,0;0,0;0,0;0,0;0,0;0,0;0,0;0,0;0,0;0,0;;1;1;1;1;1;1;1;1;1;1;1;1;1;1;1;1;1;1;1;1;1;1;1;1;1;1;1;1;1;1;0;
1340039;1;01/03/2013;1;4,2;6,1;19;3;1;1;1;;0;0,0;0,0;0,0;0,0;0,0;0,0;0,0;0,0;0,0;0,0;0,0;0,0;0,0;0,0;0,0;1,0;0,0;0,0;4,2;0,0;0,0;0,0;0,0;0,0;0,0;0,0;0,0;0,0;0,0;0,0;0,9;1;1;1;1;1;1;1;1;1;1;1;1;1;1;1;1;1;1;1;1;1;1;1;1;1;1;1;1;1;1;1;
1340039;1;01/02/2013;1;6,0;11,3;18;3;1;1;1;;0;0,0;0,0;0,0;0,0;0,0;0,0;0,0;0,0;0,0;0,0;0,0;0,0;0,0;0,0;0,0;0,0;3,6;6,0;0,0;0,0;0,0;0,0;0,0;1,7;0,0;0,0;0,0;0,0;;;;1;1;1;1;1;1;1;1;1;1;1;1;1;1;1;1;1;1;1;1;1;1;1;1;1;1;1;1;0;0;0;
1340039;1;01/01/2013;1;38,8;121,5;23;7;1;1;1;;0;0,0;0,0;0,0;0,0;0,0;0,0;0,0;0,0;0,0;0,0;0,0;0,0;0,0;0,0;0,0;0,0;22,4;13,8;6,8;2,0;0,0;29,7;38,8;8,0;0,0;0,0;0,0;0,0;0,0;0,0;0,0;1;1;1;1;1;1;1;1;1;1;1;1;1;1;1;1;1;1;1;1;1;1;1;1;1;1;1;1;1;1;1;
1340039;1;01/12/2012;1;0,0;0,0;1;0;1;1;1;;0;0,0;0,0;0,0;0,0;0,0;0,0;0,0;0,0;0,0;0,0;0,0;0,0;0,0;0,0;0,0;0,0;0,0;0,0;0,0;0,0;0,0;0,0;0,0;0,0;0,0;0,0;0,0;0,0;0,0;0,0;0,0;1;1;1;1;1;1;1;1;1;1;1;1;1;1;1;1;1;1;1;1;1;1;1;1;1;1;1;1;1;1;1;
1340039;1;01/11/2012;1;32,7;103,2;23;8;1;1;1;;0;0,0;0,6;9,6;8,6;0,0;0,0;26,6;14,2;0,0;0,0;0,0;0,0;0,0;0,0;7,0;0,0;3,9;0,0;0,0;0,0;0,0;0,0;32,7;0,0;0,0;0,0;0,0;0,0;0,0;0,0;;1;1;1;1;1;1;1;1;1;1;1;1;1;1;1;1;1;1;1;1;1;1;1;1;1;1;1;1;1;1;0;
1340039;1;01/10/2012;1;0,0;0,0;1;0;1;1;1;;0;0,0;0,0;0,0;0,0;0,0;0,0;0,0;0,0;0,0;0,0;0,0;0,0;0,0;0,0;0,0;0,0;0,0;0,0;0,0;0,0;0,0;0,0;0,0;0,0;0,0;0,0;0,0;0,0;0,0;0,0;0,0;1;1;1;1;1;1;1;1;1;1;1;1;1;1;1;1;1;1;1;1;1;1;1;1;1;1;1;1;1;1;1;
1340039;1;01/09/2012;1;1,1;1,1;26;1;1;1;1;;0;0,0;0,0;0,0;0,0;0,0;0,0;0,0;0,0;0,0;0,0;0,0;0,0;0,0;0,0;0,0;0,0;0,0;0,0;0,0;0,0;0,0;0,0;0,0;0,0;0,0;1,1;0,0;0,0;0,0;0,0;;1;1;1;1;1;1;1;1;1;1;1;1;1;1;1;1;1;1;1;1;1;1;1;1;1;1;1;1;1;1;0;
1340039;1;01/08/2012;1;2,7;8,5;20;8;1;1;1;;0;0,0;0,0;0,0;0,0;0,0;0,0;0,0;0,0;0,0;0,0;0,0;1,4;0,0;0,0;0,0;0,0;0,5;0,7;0,0;2,7;0,3;0,5;0,7;1,7;0,0;0,0;0,0;0,0;0,0;0,0;0,0;1;1;1;1;1;1;1;1;1;1;1;1;1;1;1;1;1;1;1;1;1;1;1;1;1;1;1;1;1;1;1;
1340039;1;01/07/2012;1;2,2;4,7;6;3;1;1;1;;0;0,0;0,0;0,0;0,0;0,0;2,2;1,1;1,4;0,0;0,0;0,0;0,0;0,0;0,0;0,0;0,0;0,0;0,0;0,0;0,0;0,0;0,0;0,0;0,0;0,0;0,0;0,0;0,0;0,0;0,0;0,0;1;1;1;1;1;1;1;1;1;1;1;1;1;1;1;1;1;1;1;1;1;1;1;1;1;1;1;1;1;1;1;
1340039;1;01/06/2012;1;47,0;56,7;27;5;1;1;1;;0;0,0;0,0;0,0;0,0;0,0;0,0;0,0;0,0;0,0;0,0;0,0;2,9;0,0;0,0;0,0;0,0;0,0;0,0;0,0;0,0;0,0;0,0;0,0;0,0;2,3;0,6;47,0;3,9;0,0;0,0;;1;1;1;1;1;1;1;1;1;1;1;1;1;1;1;1;1;1;1;1;1;1;1;1;1;1;1;1;1;1;0;
1340039;1;01/05/2012;1;8,9;10,2;17;2;1;1;1;;0;0,0;0,0;0,0;0,0;0,0;0,0;0,0;0,0;0,0;0,0;0,0;0,0;0,0;0,0;0,0;0,0;8,9;0,0;0,0;0,0;0,0;1,3;0,0;0,0;0,0;0,0;0,0;0,0;0,0;0,0;0,0;1;1;1;1;1;1;1;1;1;1;1;1;1;1;1;1;1;1;1;1;1;1;1;1;1;1;1;1;1;1;1;
1340039;1;01/04/2012;1;2,3;2,3;12;1;1;1;1;;0;0,0;0,0;0,0;0,0;0,0;0,0;0,0;0,0;0,0;0,0;0,0;2,3;0,0;0,0;0,0;0,0;0,0;0,0;0,0;0,0;0,0;0,0;0,0;0,0;0,0;0,0;0,0;0,0;0,0;0,0;;1;1;1;1;1;1;1;1;1;1;1;1;1;1;1;1;1;1;1;1;1;1;1;1;1;1;1;1;1;1;0;
1340039;1;01/03/2012;1;0,0;0,0;1;0;1;1;1;;0;0,0;0,0;0,0;0,0;0,0;0,0;0,0;0,0;0,0;0,0;0,0;0,0;0,0;0,0;0,0;0,0;0,0;0,0;0,0;0,0;0,0;0,0;0,0;0,0;0,0;0,0;0,0;0,0;0,0;0,0;0,0;1;1;1;1;1;1;1;1;1;1;1;1;1;1;1;1;1;1;1;1;1;1;1;1;1;1;1;1;1;1;1;
1340039;1;01/02/2012;1;3,2;11,3;4;5;1;1;1;;0;0,0;0,0;0,5;3,2;0,0;0,0;0,0;0,0;0,0;0,0;0,0;0,0;2,4;0,0;0,0;2,5;2,7;0,0;0,0;0,0;0,0;0,0;0,0;0,0;0,0;0,0;0,0;0,0;0,0;;;1;1;1;1;1;1;1;1;1;1;1;1;1;1;1;1;1;1;1;1;1;1;1;1;1;1;1;1;1;0;0;
1340039;1;01/01/2012;1;7,9;15,8;13;3;1;1;1;;0;0,0;0,0;0,0;0,0;0,0;0,0;0,0;0,0;0,0;0,0;0,9;0,0;7,9;7,0;0,0;0,0;0,0;0,0;0,0;0,0;0,0;0,0;0,0;0,0;0,0;0,0;0,0;0,0;0,0;0,0;0,0;1;1;1;1;1;1;1;1;1;1;1;1;1;1;1;1;1;1;1;1;1;1;1;1;1;1;1;1;1;1;1;
1340039;1;01/12/2011;1;32,5;56,8;12;3;1;1;1;;0;0,0;0,0;0,0;0,0;0,0;0,0;0,0;0,0;0,0;0,0;0,0;32,5;6,7;0,0;0,0;0,0;0,0;0,0;0,0;0,0;0,0;0,0;0,0;0,0;0,0;0,0;0,0;0,0;0,0;17,6;0,0;1;1;1;1;1;1;1;1;1;1;1;1;1;1;1;1;1;1;1;1;1;1;1;1;1;1;1;1;1;1;1;
1340039;1;01/11/2011;1;49,5;85,8;9;6;1;1;1;;0;0,0;0,0;0,0;0,0;0,0;0,0;0,0;15,9;49,5;11,3;0,0;0,0;0,0;0,0;0,0;0,0;0,0;0,0;0,0;1,4;0,0;0,0;0,0;0,0;5,9;1,8;0,0;0,0;0,0;0,0;;1;1;1;1;1;1;1;1;1;1;1;1;1;1;1;1;1;1;1;1;1;1;1;1;1;1;1;1;1;1;0;
1340039;1;01/10/2011;1;16,1;29,0;19;3;1;1;1;;0;0,0;0,0;0,0;0,0;0,0;0,0;0,0;0,0;0,0;0,0;0,0;0,0;0,0;0,0;0,0;0,0;0,0;11,4;16,1;0,0;0,0;0,0;0,0;0,0;0,0;0,0;1,5;0,0;0,0;0,0;0,0;1;1;1;1;1;1;1;1;1;1;1;1;1;1;1;1;1;1;1;1;1;1;1;1;1;1;1;1;1;1;1;
1340039;1;01/09/2011;1;0,0;0,0;1;0;1;1;1;;0;0,0;0,0;0,0;0,0;0,0;0,0;0,0;0,0;0,0;0,0;0,0;0,0;0,0;0,0;0,0;0,0;0,0;0,0;0,0;0,0;0,0;0,0;0,0;0,0;0,0;0,0;0,0;0,0;0,0;0,0;;1;1;1;1;1;1;1;1;1;1;1;1;1;1;1;1;1;1;1;1;1;1;1;1;1;1;1;1;1;1;0;
1340039;1;01/08/2011;1;0,9;1,2;26;2;1;1;1;;0;0,0;0,0;0,0;0,0;0,0;0,0;0,3;0,0;0,0;0,0;0,0;0,0;0,0;0,0;0,0;0,0;0,0;0,0;0,0;0,0;0,0;0,0;0,0;0,0;0,0;0,9;0,0;0,0;0,0;0,0;0,0;1;1;1;1;1;1;1;1;1;1;1;1;1;1;1;1;1;1;1;1;1;1;1;1;1;1;1;1;1;1;1;
1340039;1;01/07/2011;1;4,7;6,1;27;2;1;1;1;;0;0,0;0,0;0,0;0,0;0,0;0,0;0,0;0,0;0,0;0,0;0,0;0,0;0,0;0,0;0,0;0,0;0,0;0,0;0,0;0,0;0,0;0,0;0,0;1,4;0,0;0,0;4,7;0,0;0,0;0,0;0,0;1;1;1;1;1;1;1;1;1;1;1;1;1;1;1;1;1;1;1;1;1;1;1;1;1;1;1;1;1;1;1;
1340039;1;01/06/2011;1;0,0;0,0;1;0;1;1;1;;0;0,0;0,0;0,0;0,0;0,0;0,0;0,0;0,0;0,0;0,0;0,0;0,0;0,0;0,0;0,0;0,0;0,0;0,0;0,0;0,0;0,0;0,0;0,0;0,0;0,0;0,0;0,0;0,0;0,0;0,0;;1;1;1;1;1;1;1;1;1;1;1;1;1;1;1;1;1;1;1;1;1;1;1;1;1;1;1;1;1;1;0;
1340039;1;01/05/2011;1;3,9;8,4;20;4;1;1;1;;0;0,0;0,0;1,5;0,0;0,0;0,0;0,0;0,0;0,0;0,0;0,0;0,0;0,0;0,0;0,0;0,0;0,0;0,0;0,0;3,9;0,0;0,0;1,3;1,7;0,0;0,0;0,0;0,0;0,0;0,0;0,0;1;1;1;1;1;1;1;1;1;1;1;1;1;1;1;1;1;1;1;1;1;1;1;1;1;1;1;1;1;1;1;
1340039;1;01/04/2011;1;11,1;25,1;9;9;1;1;1;;0;0,0;0,0;0,0;0,0;0,0;0,0;0,0;0,0;11,1;0,0;0,0;0,0;0,0;2,7;0,3;0,0;2,3;2,3;0,0;1,7;1,6;0,0;0,0;0,0;0,0;0,0;0,0;1,2;1,9;0,0;;1;1;1;1;1;1;1;1;1;1;1;1;1;1;1;1;1;1;1;1;1;1;1;1;1;1;1;1;1;1;0;
1340039;1;01/03/2011;1;70,3;184,6;20;13;1;1;1;;0;0,0;0,0;0,0;0,0;0,0;3,6;0,0;0,0;0,0;0,0;0,0;11,0;6,2;15,3;0,0;3,6;2,9;34,4;0,0;70,3;11,3;0,0;0,0;7,3;9,1;4,7;4,9;0,0;0,0;0,0;0,0;1;1;1;1;1;1;1;1;1;1;1;1;1;1;1;1;1;1;1;1;1;1;1;1;1;1;1;1;1;1;1;
1340039;1;01/02/2011;1;8,1;10,5;12;2;1;1;1;;0;0,0;0,0;0,0;0,0;0,0;0,0;0,0;0,0;0,0;0,0;0,0;8,1;0,0;0,0;0,0;0,0;0,0;0,0;0,0;0,0;0,0;0,0;0,0;0,0;0,0;0,0;2,4;0,0;;;;1;1;1;1;1;1;1;1;1;1;1;1;1;1;1;1;1;1;1;1;1;1;1;1;1;1;1;1;0;0;0;
1340039;1;01/01/2011;1;18,2;44,4;5;8;1;1;1;;0;0,0;0,0;0,0;4,2;18,2;0,0;0,0;1,2;0,0;0,0;0,0;1,5;8,9;2,2;0,0;0,0;0,0;0,0;0,0;0,0;0,0;0,0;6,4;0,0;0,0;0,0;0,0;1,8;0,0;0,0;0,0;1;1;1;1;1;1;1;1;1;1;1;1;1;1;1;1;1;1;1;1;1;1;1;1;1;1;1;1;1;1;1;
1340039;1;01/12/2010;1;83,7;165,9;11;8;1;1;1;;0;0,0;0,0;0,0;0,0;0,0;0,0;0,0;0,0;5,1;3,2;83,7;14,3;6,2;0,0;4,8;0,0;0,0;0,0;0,0;0,0;0,0;2,1;0,0;0,0;0,0;0,0;0,0;0,0;0,0;0,0;46,5;1;1;1;1;1;1;1;1;1;1;1;1;1;1;1;1;1;1;1;1;1;1;1;1;1;1;1;1;1;1;1;
1340039;1;01/11/2010;1;33,3;114,2;16;8;1;1;1;;0;0,0;0,0;0,0;0,0;0,0;0,0;0,0;0,0;0,0;0,0;0,0;0,0;0,0;21,1;20,3;33,3;0,0;0,0;8,7;13,7;0,0;0,0;0,0;0,0;0,0;0,0;0,0;0,2;1,8;15,1;;1;1;1;1;1;1;1;1;1;1;1;1;1;1;1;1;1;1;1;1;1;1;1;1;1;1;1;1;1;1;0;
1340039;1;01/10/2010;1;39,5;48,9;20;4;1;1;1;;0;1,1;0,0;0,0;0,0;0,0;0,0;0,0;0,0;0,0;0,0;0,0;0,0;0,0;0,0;0,0;0,0;0,0;0,0;0,0;39,5;0,0;0,0;0,0;0,0;0,0;0,0;0,0;1,0;0,0;0,0;7,3;1;1;1;1;1;1;1;1;1;1;1;1;1;1;1;1;1;1;1;1;1;1;1;1;1;1;1;1;1;1;1;
1340039;1;01/09/2010;1;5,9;13,2;24;5;1;1;1;;0;0,5;0,0;0,2;0,0;0,0;0,0;0,0;1,1;5,5;0,0;0,0;0,0;0,0;0,0;0,0;0,0;0,0;0,0;0,0;0,0;0,0;0,0;0,0;5,9;0,0;0,0;0,0;0,0;0,0;0,0;;1;1;1;1;1;1;1;1;1;1;1;1;1;1;1;1;1;1;1;1;1;1;1;1;1;1;1;1;1;1;0;
1340039;1;01/08/2010;1;2,4;3,4;31;4;1;1;1;;0;0,0;0,0;0,0;0,6;0,0;0,0;0,0;0,0;0,0;0,0;0,0;0,2;0,0;0,0;0,0;0,0;0,0;0,0;0,0;0,0;0,0;0,0;0,0;0,2;0,0;0,0;0,0;0,0;0,0;0,0;2,4;1;1;1;1;1;1;1;1;1;1;1;1;1;1;1;1;1;1;1;1;1;1;1;1;1;1;1;1;1;1;1;
1340039;1;01/07/2010;1;3,3;11,6;30;12;1;1;1;;0;0,0;0,5;0,0;0,0;0,0;0,7;0,0;0,4;0,0;0,0;0,3;0,0;0,0;0,0;0,0;0,9;0,0;0,4;0,0;0,2;0,0;0,0;0,0;0,0;0,0;0,2;0,0;3,2;0,6;3,3;0,9;1;1;1;1;1;1;1;1;1;1;1;1;1;1;1;1;1;1;1;1;1;1;1;1;1;1;1;1;1;1;1;
1340039;1;01/06/2010;1;0,5;0,5;26;1;1;1;1;;0;0,0;0,0;0,0;0,0;0,0;0,0;0,0;0,0;0,0;0,0;0,0;0,0;0,0;0,0;0,0;0,0;0,0;0,0;0,0;0,0;0,0;0,0;0,0;0,0;0,0;0,5;0,0;0,0;0,0;0,0;;1;1;1;1;1;1;1;1;1;1;1;1;1;1;1;1;1;1;1;1;1;1;1;1;1;1;1;1;1;1;0;
1340039;1;01/05/2010;1;3,8;6,6;14;2;1;1;1;;0;0,0;0,0;0,0;0,0;0,0;0,0;0,0;0,0;0,0;0,0;2,8;0,0;0,0;3,8;0,0;0,0;0,0;0,0;0,0;0,0;0,0;0,0;0,0;0,0;0,0;0,0;0,0;0,0;0,0;0,0;0,0;1;1;1;1;1;1;1;1;1;1;1;1;1;1;1;1;1;1;1;1;1;1;1;1;1;1;1;1;1;1;1;
1340039;1;01/04/2010;1;16,8;56,4;8;8;1;1;1;;0;0,0;0,0;0,0;1,3;0,0;0,0;13,2;16,8;0,4;15,3;0,0;0,0;0,0;0,0;0,0;3,2;0,0;0,0;0,0;0,0;0,0;0,5;0,0;0,0;5,7;0,0;0,0;0,0;0,0;0,0;;1;1;1;1;1;1;1;1;1;1;1;1;1;1;1;1;1;1;1;1;1;1;1;1;1;1;1;1;1;1;0;
1340039;1;01/03/2010;1;79,2;273,4;4;11;1;1;1;;0;0,0;3,6;4,5;79,2;4,0;10,3;4,8;4,0;76,7;10,9;0,0;0,0;0,0;0,0;0,0;0,0;0,0;0,0;0,0;0,0;0,0;0,0;75,0;0,4;0,0;0,0;0,0;0,0;0,0;0,0;0,0;1;1;1;1;1;1;1;1;1;1;1;1;1;1;1;1;1;1;1;1;1;1;1;1;1;1;1;1;1;1;1;
1340039;1;01/02/2010;1;4,7;4,7;10;1;1;1;1;;0;0,0;0,0;0,0;0,0;0,0;0,0;0,0;0,0;0,0;4,7;0,0;0,0;0,0;0,0;0,0;0,0;0,0;0,0;0,0;0,0;0,0;0,0;0,0;0,0;0,0;0,0;0,0;0,0;;;;1;1;1;1;1;1;1;1;1;1;1;1;1;1;1;1;1;1;1;1;1;1;1;1;1;1;1;1;0;0;0;
1340039;1;01/01/2010;1;25,6;67,4;4;5;1;1;1;;0;2,4;1,4;22,2;25,6;0,0;0,0;0,0;0,0;0,0;0,0;0,0;0,0;15,8;0,0;0,0;0,0;0,0;0,0;0,0;0,0;0,0;0,0;0,0;0,0;0,0;0,0;0,0;0,0;0,0;0,0;0,0;1;1;1;1;1;1;1;1;1;1;1;1;1;1;1;1;1;1;1;1;1;1;1;1;1;1;1;1;1;1;1;
1340039;1;01/12/2009;1;45,5;63,3;29;4;1;1;1;;0;0,0;0,0;0,0;8,8;0,0;7,8;0,0;0,0;0,0;0,0;0,0;0,0;0,0;0,0;0,0;0,0;0,0;0,0;0,0;0,0;0,0;0,0;0,0;0,0;0,0;0,0;0,0;1,2;45,5;0,0;0,0;1;1;1;1;1;1;1;1;1;1;1;1;1;1;1;1;1;1;1;1;1;1;1;1;1;1;1;1;1;1;1;
1340039;1;01/11/2009;1;2,7;5,2;19;3;1;1;1;;0;0,0;0,0;0,0;0,0;0,0;0,0;0,0;0,0;0,0;0,0;0,0;0,0;0,0;0,0;0,0;0,0;0,0;1,3;2,7;1,2;0,0;0,0;0,0;0,0;0,0;0,0;0,0;0,0;0,0;0,0;;1;1;1;1;1;1;1;1;1;1;1;1;1;1;1;1;1;1;1;1;1;1;1;1;1;1;1;1;1;1;0;
1340039;1;01/10/2009;1;55,0;148,8;28;5;3;3;3;;0;0,0;0,0;0,0;0,0;0,0;0,0;0,0;0,0;0,0;15,0;40,0;0,0;0,0;0,0;0,0;0,0;0,0;0,0;0,0;0,0;0,0;0,0;0,0;37,0;0,0;0,0;0,0;55,0;1,8;0,0;0,0;1;1;1;1;1;1;1;1;1;3;3;1;1;1;1;1;1;1;1;1;1;1;1;3;1;1;1;3;1;1;1;
1340039;1;01/09/2009;1;0,0;0,0;1;0;1;1;1;;0;0,0;0,0;0,0;0,0;0,0;0,0;0,0;0,0;0,0;0,0;0,0;0,0;0,0;0,0;0,0;0,0;0,0;0,0;0,0;0,0;0,0;0,0;0,0;0,0;0,0;0,0;0,0;0,0;0,0;0,0;;1;1;1;1;1;1;1;1;1;1;1;1;1;1;1;1;1;1;1;1;1;1;1;1;1;1;1;1;1;1;0;
1340039;1;01/08/2009;1;3,8;6,6;6;5;1;1;1;;0;0,0;0,0;0,6;0,0;0,0;3,8;0,0;0,0;0,0;0,0;0,0;0,0;0,0;0,0;0,0;0,0;0,0;0,2;0,0;0,0;0,0;0,0;0,7;0,0;1,3;0,0;0,0;0,0;0,0;0,0;0,0;1;1;1;1;1;1;1;1;1;1;1;1;1;1;1;1;1;1;1;1;1;1;1;1;1;1;1;1;1;1;1;
1340039;1;01/07/2009;1;20,4;26,3;11;4;1;1;1;;0;0,0;0,0;0,0;0,0;0,0;0,0;0,0;0,0;2,0;2,5;20,4;0,0;0,0;0,0;0,0;0,0;0,0;1,4;0,0;0,0;0,0;0,0;0,0;0,0;0,0;0,0;0,0;0,0;0,0;0,0;0,0;1;1;1;1;1;1;1;1;1;1;1;1;1;1;1;1;1;1;1;1;1;1;1;1;1;1;1;1;1;1;1;
1340039;1;01/06/2009;1;8,3;12,5;3;4;1;1;1;;0;0,0;0,0;8,3;1,2;0,0;0,0;1,1;1,9;0,0;0,0;0,0;0,0;0,0;0,0;0,0;0,0;0,0;0,0;0,0;0,0;0,0;0,0;0,0;0,0;0,0;0,0;0,0;0,0;0,0;0,0;;1;1;1;1;1;1;1;1;1;1;1;1;1;1;1;1;1;1;1;1;1;1;1;1;1;1;1;1;1;1;0;
1340039;1;01/04/2009;1;20,1;75,8;13;8;1;1;1;;0;0,0;0,0;0,0;0,0;15,7;15,2;0,0;0,0;0,0;17,8;2,2;0,0;20,1;2,1;0,0;0,0;0,0;0,0;2,0;0,0;0,7;0,0;0,0;0,0;0,0;0,0;0,0;0,0;0,0;0,0;;1;1;1;1;1;1;1;1;1;1;1;1;1;1;1;1;1;1;1;1;1;1;1;1;1;1;1;1;1;1;0;
1340039;1;01/03/2009;1;11,1;23,7;19;3;1;1;1;;0;0,0;0,0;0,0;0,0;0,0;0,0;0,0;0,0;0,0;0,0;0,0;0,0;0,0;0,0;0,0;0,0;0,0;0,0;11,1;7,0;0,0;0,0;0,0;0,0;0,0;0,0;5,6;0,0;0,0;0,0;0,0;1;1;1;1;1;1;1;1;1;1;1;1;1;1;1;1;1;1;1;1;1;1;1;1;1;1;1;1;1;1;1;
1340039;1;01/02/2009;1;5,4;14,4;19;4;1;1;1;;0;0,0;0,0;5,1;0,0;0,0;0,0;0,0;0,0;0,0;0,0;0,0;0,0;0,0;0,0;0,0;0,0;0,0;0,0;5,4;0,0;0,0;0,0;0,0;0,0;0,0;2,3;1,6;0,0;;;;1;1;1;1;1;1;1;1;1;1;1;1;1;1;1;1;1;1;1;1;1;1;1;1;1;1;1;1;0;0;0;
1340039;1;01/01/2009;1;34,1;129,5;7;12;1;1;1;;0;0,0;0,0;0,0;0,0;6,0;2,0;34,1;9,0;0,0;3,6;0,6;0,0;10,6;0,6;0,0;0,0;0,0;0,0;0,0;0,0;0,0;0,0;25,2;1,0;0,0;32,3;0,0;4,5;0,0;0,0;0,0;1;1;1;1;1;1;1;1;1;1;1;1;1;1;1;1;1;1;1;1;1;1;1;1;1;1;1;1;1;1;1;
1340039;1;01/12/2008;1;40,7;79,4;2;9;1;1;1;;0;9,2;40,7;0,9;0,0;2,3;0,0;0,0;0,5;1,2;0,0;0,0;0,0;0,0;0,0;0,0;0,0;0,0;0,0;0,0;0,0;0,0;0,0;0,0;3,6;5,5;15,5;0,0;0,0;0,0;0,0;0,0;1;1;1;1;1;1;1;1;1;1;1;1;1;1;1;1;1;1;1;1;1;1;1;1;1;1;1;1;1;1;1;
1340039;1;01/11/2008;1;108,6;171,2;20;10;1;1;1;;0;0,0;0,0;0,0;0,0;0,0;0,0;0,0;0,0;0,0;0,0;0,0;0,0;0,0;0,0;0,0;0,0;0,0;0,0;0,0;108,6;8,1;5,9;2,9;1,2;2,4;1,0;0,2;0,0;35,3;5,6;;1;1;1;1;1;1;1;1;1;1;1;1;1;1;1;1;1;1;1;1;1;1;1;1;1;1;1;1;1;1;0;
1340039;1;01/10/2008;1;0,7;1,3;11;2;1;1;1;;0;0,0;0,0;0,0;0,0;0,0;0,0;0,0;0,0;0,0;0,0;0,7;0,6;0,0;0,0;0,0;0,0;0,0;0,0;0,0;0,0;0,0;0,0;0,0;0,0;0,0;0,0;0,0;0,0;0,0;0,0;0,0;1;1;1;1;1;1;1;1;1;1;1;1;1;1;1;1;1;1;1;1;1;1;1;1;1;1;1;1;1;1;1;
1340039;1;01/09/2008;1;0,7;1,1;3;2;1;1;1;;0;0,0;0,0;0,7;0,0;0,0;0,0;0,0;0,0;0,0;0,0;0,0;0,0;0,0;0,0;0,0;0,0;0,0;0,0;0,0;0,4;0,0;0,0;0,0;0,0;0,0;0,0;0,0;0,0;0,0;0,0;;1;1;1;1;1;1;1;1;1;1;1;1;1;1;1;1;1;1;1;1;1;1;1;1;1;1;1;1;1;1;0;
1340039;1;01/08/2008;1;0,2;0,2;17;1;1;1;1;;0;0,0;0,0;0,0;0,0;0,0;0,0;0,0;0,0;0,0;0,0;0,0;0,0;0,0;0,0;0,0;0,0;0,2;0,0;0,0;0,0;0,0;0,0;0,0;0,0;0,0;0,0;0,0;0,0;0,0;0,0;0,0;1;1;1;1;1;1;1;1;1;1;1;1;1;1;1;1;1;1;1;1;1;1;1;1;1;1;1;1;1;1;1;
1340039;1;01/07/2008;1;10,5;14,6;11;7;1;1;1;;0;1,1;0,2;0,1;0,6;0,0;0,0;0,0;0,0;0,0;0,0;10,5;0,0;0,0;0,0;0,4;0,0;0,0;0,0;0,0;0,0;0,0;0,0;0,0;0,0;0,0;0,0;0,0;1,7;0,0;0,0;0,0;1;1;1;1;1;1;1;1;1;1;1;1;1;1;1;1;1;1;1;1;1;1;1;1;1;1;1;1;1;1;1;
1340039;1;01/06/2008;1;1,6;4,4;14;6;1;1;1;;0;0,0;0,0;0,0;0,0;0,0;0,0;0,0;0,0;1,2;0,0;0,0;0,0;0,3;1,6;0,0;0,0;0,0;0,4;0,5;0,0;0,0;0,0;0,0;0,0;0,0;0,0;0,0;0,4;0,0;0,0;;1;1;1;1;1;1;1;1;1;1;1;1;1;1;1;1;1;1;1;1;1;1;1;1;1;1;1;1;1;1;0;
1340039;1;01/05/2008;1;81,0;102,2;8;3;1;1;1;;0;0,0;0,0;10,5;0,0;0,0;0,0;0,0;81,0;10,7;0,0;0,0;0,0;0,0;0,0;0,0;0,0;0,0;0,0;0,0;0,0;0,0;0,0;0,0;0,0;0,0;0,0;0,0;0,0;0,0;0,0;0,0;1;1;1;1;1;1;1;1;1;1;1;1;1;1;1;1;1;1;1;1;1;1;1;1;1;1;1;1;1;1;1;
1340039;1;01/04/2008;1;1,3;5,0;21;6;1;1;1;;0;0,0;0,0;0,0;0,7;0,0;0,0;0,0;0,0;0,0;0,0;0,0;0,0;0,7;0,0;0,0;0,0;0,2;0,0;0,0;0,0;1,3;0,0;0,0;0,0;0,0;0,0;0,8;0,0;0,0;1,3;;1;1;1;1;1;1;1;1;1;1;1;1;1;1;1;1;1;1;1;1;1;1;1;1;1;1;1;1;1;1;0;
1340039;1;01/03/2008;1;25,6;71,5;31;8;3;3;3;;0;0,0;22,7;0,0;0,0;0,0;0,0;0,0;3,2;0,0;0,0;0,0;0,0;0,0;0,0;0,0;0,0;10,0;2,4;0,0;0,0;0,5;0,0;6,2;0,0;0,0;0,0;0,0;0,9;0,0;0,0;25,6;1;1;1;1;1;1;1;1;1;1;1;1;1;1;1;1;3;1;1;1;1;1;1;1;1;1;1;1;1;1;1;
1340039;1;01/02/2008;1;109,5;177,4;29;6;1;1;1;;0;13,3;10,6;9,0;0,0;0,0;0,0;0,0;0,0;0,0;0,0;0,0;0,0;0,0;0,0;0,0;0,0;0,0;0,0;0,0;0,0;0,0;0,0;0,0;0,0;0,0;0,0;25,3;9,7;109,5;;;1;1;1;1;1;1;1;1;1;1;1;1;1;1;1;1;1;1;1;1;1;1;1;1;1;1;1;1;1;0;0;
1340039;1;01/01/2008;1;33,7;44,3;23;4;1;1;1;;0;0,0;0,0;0,0;0,0;0,0;0,0;0,0;2,5;0,0;0,0;0,0;0,0;0,0;0,0;0,0;0,0;0,0;1,4;0,0;0,0;0,0;0,0;33,7;0,0;0,0;0,0;0,0;0,0;0,0;0,0;6,7;1;1;1;1;1;1;1;1;1;1;1;1;1;1;1;1;1;1;1;1;1;1;1;1;1;1;1;1;1;1;1;
1340039;1;01/12/2007;1;24,0;78,2;18;5;1;1;1;;0;14,3;15,0;0,0;0,0;0,0;0,0;0,0;0,0;0,0;0,0;0,0;0,0;0,0;0,0;0,0;0,0;22,3;24,0;0,0;0,0;0,0;0,0;0,0;0,0;0,0;0,0;0,0;0,0;0,0;2,6;0,0;1;1;1;1;1;1;1;1;1;1;1;1;1;1;1;1;1;1;1;1;1;1;1;1;1;1;1;1;1;1;1;
1340039;1;01/11/2007;1;34,8;76,8;28;8;1;1;1;;0;0,0;0,0;0,0;0,0;0,0;0,0;0,0;0,0;0,0;0,0;0,0;0,0;0,2;0,0;0,0;0,0;0,0;0,0;0,0;0,0;0,0;0,0;9,2;0,0;2,3;15,8;1,6;34,8;2,5;10,4;;1;1;1;1;1;1;1;1;1;1;1;1;1;1;1;1;1;1;1;1;1;1;1;1;1;1;1;1;1;1;0;
1340039;1;01/10/2007;1;0,0;0,0;1;0;1;1;1;;0;0,0;0,0;0,0;0,0;0,0;0,0;0,0;0,0;0,0;0,0;0,0;0,0;0,0;0,0;0,0;0,0;0,0;0,0;0,0;0,0;0,0;0,0;0,0;0,0;0,0;0,0;0,0;0,0;0,0;0,0;0,0;1;1;1;1;1;1;1;1;1;1;1;1;1;1;1;1;1;1;1;1;1;1;1;1;1;1;1;1;1;1;1;
1340039;1;01/09/2007;1;9,4;13,3;27;2;1;1;1;;0;0,0;0,0;0,0;0,0;0,0;3,9;0,0;0,0;0,0;0,0;0,0;0,0;0,0;0,0;0,0;0,0;0,0;0,0;0,0;0,0;0,0;0,0;0,0;0,0;0,0;0,0;9,4;0,0;0,0;0,0;;1;1;1;1;1;1;1;1;1;1;1;1;1;1;1;1;1;1;1;1;1;1;1;1;1;1;1;1;1;1;0;
1340039;1;01/08/2007;1;2,6;5,4;13;3;1;1;1;;0;0,0;0,0;0,0;0,0;0,0;0,0;0,0;0,0;0,0;0,0;0,0;0,0;2,6;0,0;0,0;1,3;1,5;0,0;0,0;0,0;0,0;0,0;0,0;0,0;0,0;0,0;0,0;0,0;0,0;0,0;0,0;1;1;1;1;1;1;1;1;1;1;1;1;1;1;1;1;1;1;1;1;1;1;1;1;1;1;1;1;1;1;1;
1340039;1;01/07/2007;1;6,0;10,4;6;3;1;1;1;;0;0,0;0,0;2,8;0,0;1,6;6,0;0,0;0,0;0,0;0,0;0,0;0,0;0,0;0,0;0,0;0,0;0,0;0,0;0,0;0,0;0,0;0,0;0,0;0,0;0,0;0,0;0,0;0,0;0,0;0,0;0,0;1;1;1;1;1;1;1;1;1;1;1;1;1;1;1;1;1;1;1;1;1;1;1;1;1;1;1;1;1;1;1;
1340039;1;01/06/2007;1;4,7;10,5;26;4;1;1;1;;0;0,0;0,0;0,0;0,0;0,0;0,0;0,0;0,0;0,0;0,0;0,0;0,0;1,7;0,0;0,0;0,0;0,0;0,0;0,0;0,0;2,5;0,0;1,6;0,0;0,0;4,7;0,0;0,0;0,0;0,0;;1;1;1;1;1;1;1;1;1;1;1;1;1;1;1;1;1;1;1;1;1;1;1;1;1;1;1;1;1;1;0;
1340039;1;01/05/2007;1;4,4;4,4;11;1;1;1;1;;0;0,0;0,0;0,0;0,0;0,0;0,0;0,0;0,0;0,0;0,0;4,4;0,0;0,0;0,0;0,0;0,0;0,0;0,0;0,0;0,0;0,0;0,0;0,0;0,0;0,0;0,0;0,0;0,0;0,0;0,0;0,0;1;1;1;1;1;1;1;1;1;1;1;1;1;1;1;1;1;1;1;1;1;1;1;1;1;1;1;1;1;1;1;
1340039;1;01/04/2007;1;32,0;44,3;11;6;1;1;1;;0;0,0;0,0;0,0;0,0;0,0;0,0;0,0;0,0;0,0;4,3;32,0;1,0;0,0;0,0;4,1;0,0;0,0;0,0;2,1;0,8;0,0;0,0;0,0;0,0;0,0;0,0;0,0;0,0;0,0;0,0;;1;1;1;1;1;1;1;1;1;1;1;1;1;1;1;1;1;1;1;1;1;1;1;1;1;1;1;1;1;1;0;
1340039;1;01/03/2007;1;9,7;16,0;4;3;1;1;1;;0;0,0;1,1;0,0;9,7;0,0;0,0;0,0;0,0;0,0;0,0;0,0;0,0;0,0;5,2;0,0;0,0;0,0;0,0;0,0;0,0;0,0;0,0;0,0;0,0;0,0;0,0;0,0;0,0;0,0;0,0;0,0;1;1;1;1;1;1;1;1;1;1;1;1;1;1;1;1;1;1;1;1;1;1;1;1;1;1;1;1;1;1;1;
1340039;1;01/02/2007;1;48,7;195,8;13;16;1;1;1;;0;0,0;0,0;0,0;38,3;7,3;0,0;0,0;0,0;0,0;0,0;0,0;0,0;48,7;7,2;24,6;6,3;17,9;0,7;0,5;10,0;7,5;1,5;12,4;5,8;0,0;0,0;2,3;4,8;;;;1;1;1;1;1;1;1;1;1;1;1;1;1;1;1;1;1;1;1;1;1;1;1;1;1;1;1;1;0;0;0;
1340039;1;01/01/2007;1;21,7;44,5;15;5;1;1;1;;0;0,0;0,0;0,0;2,5;0,0;0,0;0,0;0,0;0,0;0,0;0,0;0,0;0,0;3,6;21,7;0,0;0,0;0,0;0,0;0,0;0,0;0,0;5,2;11,5;0,0;0,0;0,0;0,0;0,0;0,0;0,0;1;1;1;1;1;1;1;1;1;1;1;1;1;1;1;1;1;1;1;1;1;1;1;1;1;1;1;1;1;1;1;
1340039;1;01/12/2006;1;8,4;12,9;9;4;1;1;1;;0;0,0;0,0;0,0;0,0;0,0;0,0;0,0;0,0;8,4;0,0;0,2;4,1;0,0;0,0;0,0;0,0;0,0;0,0;0,2;0,0;0,0;0,0;0,0;0,0;0,0;0,0;0,0;0,0;0,0;0,0;0,0;1;1;1;1;1;1;1;1;1;1;1;1;1;1;1;1;1;1;1;1;1;1;1;1;1;1;1;1;1;1;1;
1340039;1;01/11/2006;1;74,6;198,2;12;8;1;1;1;;0;0,0;0,0;0,0;0,0;0,0;0,0;0,0;0,0;22,5;16,6;2,6;74,6;46,6;14,0;2,5;0,0;0,0;0,0;0,0;0,0;0,0;0,0;18,8;0,0;0,0;0,0;0,0;0,0;0,0;0,0;;1;1;1;1;1;1;1;1;1;1;1;1;1;1;1;1;1;1;1;1;1;1;1;1;1;1;1;1;1;1;0;
1340039;1;01/10/2006;1;92,0;182,5;21;5;1;1;1;;0;0,0;0,0;0,0;0,0;0,0;0,0;0,0;0,0;0,0;0,0;0,0;0,0;0,0;0,0;22,5;0,0;0,0;0,0;0,0;0,0;92,0;1,7;0,0;0,0;0,0;0,0;0,0;0,0;65,0;1,3;0,0;1;1;1;1;1;1;1;1;1;1;1;1;1;1;1;1;1;1;1;1;1;1;1;1;1;1;1;1;1;1;1;
1340039;1;01/09/2006;1;2,1;4,3;12;3;1;1;1;;0;0,0;0,0;0,0;0,0;0,0;0,0;0,0;0,0;1,0;0,0;0,0;2,1;0,0;0,0;0,0;0,0;0,0;0,0;0,0;0,0;0,0;0,0;0,0;0,0;0,0;0,0;1,2;0,0;0,0;0,0;;1;1;1;1;1;1;1;1;1;1;1;1;1;1;1;1;1;1;1;1;1;1;1;1;1;1;1;1;1;1;0;
1340039;1;01/08/2006;1;0,9;0,9;14;1;1;1;1;;0;0,0;0,0;0,0;0,0;0,0;0,0;0,0;0,0;0,0;0,0;0,0;0,0;0,0;0,9;0,0;0,0;0,0;0,0;0,0;0,0;0,0;0,0;0,0;0,0;0,0;0,0;0,0;0,0;0,0;0,0;0,0;1;1;1;1;1;1;1;1;1;1;1;1;1;1;1;1;1;1;1;1;1;1;1;1;1;1;1;1;1;1;1;
1340039;1;01/06/2006;1;10,2;19,8;11;5;3;3;3;;0;0,0;0,0;0,0;0,0;0,0;0,0;0,0;0,0;0,0;0,0;10,2;0,0;0,7;0,7;0,0;0,0;0,0;0,0;0,0;0,0;0,0;1,4;0,0;0,0;6,8;0,0;0,0;0,0;0,0;0,0;;1;1;1;1;1;1;1;1;1;1;1;1;3;3;1;1;1;1;1;1;1;1;1;1;1;1;1;1;1;1;0;
1340039;1;01/05/2006;1;13,7;13,7;1;1;1;1;1;;0;13,7;0,0;0,0;0,0;0,0;0,0;0,0;0,0;0,0;0,0;0,0;0,0;0,0;0,0;0,0;0,0;0,0;0,0;0,0;0,0;0,0;0,0;0,0;0,0;0,0;0,0;0,0;0,0;0,0;0,0;0,0;1;1;1;1;1;1;1;1;1;1;1;1;1;1;1;1;1;1;1;1;1;1;1;1;1;1;1;1;1;1;1;
1340039;1;01/04/2006;1;33,5;96,1;12;7;1;1;1;;0;2,5;27,7;0,0;0,0;0,0;0,0;0,0;0,0;0,0;3,5;14,5;33,5;0,0;0,0;0,0;0,0;0,0;0,0;9,9;0,0;0,0;0,0;0,0;0,0;4,5;0,0;0,0;0,0;0,0;0,0;;1;1;1;1;1;1;1;1;1;1;1;1;1;1;1;1;1;1;1;1;1;1;1;1;1;1;1;1;1;1;0;
1340039;1;01/03/2006;1;67,3;229,6;30;12;1;1;1;;0;0,0;0,0;0,0;0,0;0,0;0,0;0,0;35,0;0,0;3,0;13,0;65,0;9,6;3,5;24,1;0,0;0,0;0,0;2,0;2,0;0,0;0,0;0,0;0,0;1,5;0,0;0,0;0,0;0,0;67,3;3,6;1;1;1;1;1;1;1;1;1;1;1;1;1;1;1;1;1;1;1;1;1;1;1;1;1;1;1;1;1;1;1;
1340039;1;01/02/2006;1;55,4;61,2;24;2;1;1;1;;0;0,0;0,0;0,0;0,0;0,0;0,0;0,0;0,0;0,0;0,0;0,0;0,0;0,0;0,0;0,0;0,0;0,0;0,0;0,0;5,8;0,0;0,0;0,0;55,4;0,0;0,0;0,0;0,0;;;;1;1;1;1;1;1;1;1;1;1;1;1;1;1;1;1;1;1;1;1;1;1;1;1;1;1;1;1;0;0;0;
1340039;1;01/01/2006;1;11,0;11,0;13;1;1;1;1;;0;0,0;0,0;0,0;0,0;0,0;0,0;0,0;0,0;0,0;0,0;0,0;0,0;11,0;0,0;0,0;0,0;0,0;0,0;0,0;0,0;0,0;0,0;0,0;0,0;0,0;0,0;0,0;0,0;0,0;0,0;0,0;1;1;1;1;1;1;1;1;1;1;1;1;1;1;1;1;1;1;1;1;1;1;1;1;1;1;1;1;1;1;1;
1340039;1;01/12/2005;1;5,3;11,9;10;4;1;1;1;;0;0,0;0,0;0,0;0,0;0,0;0,0;0,0;0,0;0,0;5,3;0,0;0,2;0,0;0,0;0,0;0,0;0,0;0,0;0,0;1,7;0,0;0,0;0,0;0,0;0,0;0,0;0,0;0,0;0,0;4,7;0,0;1;1;1;1;1;1;1;1;1;1;1;1;1;1;1;1;1;1;1;1;1;1;1;1;1;1;1;1;1;1;1;
1340039;1;01/11/2005;1;72,5;153,0;28;10;1;1;1;;0;0,0;0,0;0,0;0,0;0,0;0,0;0,0;0,0;0,0;0,0;0,0;0,0;2,5;9,8;0,0;32,8;0,0;0,0;0,0;0,0;0,0;0,0;0,0;2,4;10,2;6,2;8,1;72,5;3,4;5,1;;1;1;1;1;1;1;1;1;1;1;1;1;1;1;1;1;1;1;1;1;1;1;1;1;1;1;1;1;1;1;0;
1340039;1;01/10/2005;1;3,6;3,6;8;1;1;1;1;;0;0,0;0,0;0,0;0,0;0,0;0,0;0,0;3,6;0,0;0,0;0,0;0,0;0,0;0,0;0,0;0,0;0,0;0,0;0,0;0,0;0,0;0,0;0,0;0,0;0,0;0,0;0,0;0,0;0,0;0,0;0,0;1;1;1;1;1;1;1;1;1;1;1;1;1;1;1;1;1;1;1;1;1;1;1;1;1;1;1;1;1;1;1;
1340039;1;01/09/2005;1;4,2;4,2;30;1;1;1;1;;0;0,0;0,0;0,0;0,0;0,0;0,0;0,0;0,0;0,0;0,0;0,0;0,0;0,0;0,0;0,0;0,0;0,0;0,0;0,0;0,0;0,0;0,0;0,0;0,0;0,0;0,0;0,0;0,0;0,0;4,2;;1;1;1;1;1;1;1;1;1;1;1;1;1;1;1;1;1;1;1;1;1;1;1;1;1;1;1;1;1;1;0;
1340039;1;01/08/2005;1;2,3;4,0;6;2;1;1;1;;0;0,0;1,7;0,0;0,0;0,0;2,3;0,0;0,0;0,0;0,0;0,0;0,0;0,0;0,0;0,0;0,0;0,0;0,0;0,0;0,0;0,0;0,0;0,0;0,0;0,0;0,0;0,0;0,0;0,0;0,0;0,0;1;1;1;1;1;1;1;1;1;1;1;1;1;1;1;1;1;1;1;1;1;1;1;1;1;1;1;1;1;1;1;
1340039;1;01/07/2005;1;3,5;3,5;23;1;1;1;1;;0;0,0;0,0;0,0;0,0;0,0;0,0;0,0;0,0;0,0;0,0;0,0;0,0;0,0;0,0;0,0;0,0;0,0;0,0;0,0;0,0;0,0;0,0;3,5;0,0;0,0;0,0;0,0;0,0;0,0;0,0;0,0;1;1;1;1;1;1;1;1;1;1;1;1;1;1;1;1;1;1;1;1;1;1;1;1;1;1;1;1;1;1;1;
1340039;1;01/06/2005;1;3,2;11,7;1;7;1;1;1;;0;3,2;0,5;0,9;0,0;0,7;1,2;0,0;0,0;0,0;0,0;2,9;0,0;2,3;0,0;0,0;0,0;0,0;0,0;0,0;0,0;0,0;0,0;0,0;0,0;0,0;0,0;0,0;0,0;0,0;0,0;;1;1;1;1;1;1;1;1;1;1;1;1;1;1;1;1;1;1;1;1;1;1;1;1;1;1;1;1;1;1;0;
1340039;1;01/05/2005;1;40,5;48,9;1;3;1;1;1;;0;40,5;4,5;0,0;0,0;0,0;0,0;0,0;0,0;0,0;0,0;0,0;0,0;0,0;0,0;0,0;0,0;0,0;0,0;0,0;0,0;0,0;0,0;0,0;0,0;0,0;0,0;0,0;0,0;3,9;0,0;0,0;1;1;1;1;1;1;1;1;1;1;1;1;1;1;1;1;1;1;1;1;1;1;1;1;1;1;1;1;1;1;1;
1340039;1;01/04/2005;1;4,1;4,1;29;1;1;1;1;;0;0,0;0,0;0,0;0,0;0,0;0,0;0,0;0,0;0,0;0,0;0,0;0,0;0,0;0,0;0,0;0,0;0,0;0,0;0,0;0,0;0,0;0,0;0,0;0,0;0,0;0,0;0,0;0,0;4,1;0,0;;1;1;1;1;1;1;1;1;1;1;1;1;1;1;1;1;1;1;1;1;1;1;1;1;1;1;1;1;1;1;0;
1340039;1;01/03/2005;1;0,0;0,0;1;0;1;1;1;;0;0,0;0,0;0,0;0,0;0,0;0,0;0,0;0,0;0,0;0,0;0,0;0,0;0,0;0,0;0,0;0,0;0,0;0,0;0,0;0,0;0,0;0,0;0,0;0,0;0,0;0,0;0,0;0,0;0,0;0,0;0,0;1;1;1;1;1;1;1;1;1;1;1;1;1;1;1;1;1;1;1;1;1;1;1;1;1;1;1;1;1;1;1;
1340039;1;01/02/2005;1;54,4;172,4;12;9;1;1;1;;0;0,1;0,0;0,0;0,0;0,0;0,0;0,0;0,0;0,0;0,0;0,0;54,4;0,0;15,5;20,9;6,8;41,1;0,5;0,0;0,0;1,0;32,1;0,0;0,0;0,0;0,0;0,0;0,0;;;;1;1;1;1;1;1;1;1;1;1;1;1;1;1;1;1;1;1;1;1;1;1;1;1;1;1;1;1;0;0;0;
1340039;1;01/01/2005;1;16,6;46,3;16;6;1;1;1;;0;0,0;0,0;0,0;0,0;0,0;0,0;0,0;0,0;0,0;0,0;0,0;0,0;0,0;4,0;5,7;16,6;2,6;0,0;0,0;0,0;0,0;0,0;0,0;0,0;0,0;0,0;0,0;0,0;0,0;4,1;13,3;1;1;1;1;1;1;1;1;1;1;1;1;1;1;1;1;1;1;1;1;1;1;1;1;1;1;1;1;1;1;1;
1340039;1;01/12/2004;1;;;;;0;0;0;;0;;;;;;;;;;;;;;;;;;;0,0;0,0;0,0;0,0;0,0;0,0;0,0;0,0;0,0;0,0;0,0;0,0;0,0;0;0;0;0;0;0;0;0;0;0;0;0;0;0;0;0;0;0;1;1;1;1;1;1;1;1;1;1;1;1;1;
